59
3
96
96
332
96
96
257
257
0
202
3
96
96
332
96
332
96
96
257
257
0
7
7
228
1
3
96
96
332
96
96
257
12
158
9
21
202
202
0
202
202
202
202
202
202
202
228
228
46
228
47
47
46
228
232
257
0
7
1
228
47
228
7
228
47
1
1
96
7
0
257
262
9
3
257
0
3
96
96
332
96
332
96
96
257
257
0
228
7
1
7
0
262
9
9
9
9
3
96
96
332
96
332
96
96
257
257
0
7
1
202
202
0
202
202
202
202
202
228
202
202
228
228
3
257
0
17
17
17
262
17
9
9
9
9
9
3
9
158
218
273
334
3
96
96
332
96
332
96
96
257
257
0
3
96
96
332
96
332
96
96
257
257
0
3
96
96
332
96
332
96
96
257
257
0
3
96
96
332
96
332
96
96
257
257
0
3
96
96
332
96
332
96
96
257
257
0
3
96
96
332
96
332
96
96
257
257
0
3
96
96
332
96
332
96
96
257
257
0
3
96
96
332
96
332
96
96
257
257
0
3
96
96
332
96
332
96
96
257
257
0
3
96
96
332
96
332
96
96
257
257
0
3
96
96
332
96
332
96
96
257
257
0
3
96
96
332
96
96
257
257
0
3
96
96
332
96
96
257
257
0
3
96
96
332
96
332
96
332
96
96
257
257
0
3
96
96
332
96
96
257
257
0
3
96
96
332
96
96
257
257
0
3
96
96
217
1
228
228
202
0
228
202
228
7
1
228
228
202
0
228
96
228
7
228
7
96
228
7
96
1
202
0
254
202
7
202
202
96
228
7
257
262
1
228
3
1
228
228
202
228
202
0
228
202
228
7
21
262
217
217
332
257
228
96
96
257
0
3
96
96
332
96
332
96
96
257
257
0
3
96
96
332
96
332
96
96
257
257
0
3
96
96
1
228
228
202
0
228
202
228
7
332
96
96
257
257
0
3
96
96
332
96
332
96
96
257
257
0
3
96
96
332
96
332
96
332
96
96
257
257
0
3
96
96
332
96
332
96
96
257
257
0
3
96
96
217
1
228
228
202
0
228
202
228
7
1
228
228
202
0
228
228
7
96
228
7
1
202
202
202
0
202
254
202
7
202
202
228
7
257
262
1
228
3
1
228
228
202
228
202
0
228
202
228
7
21
262
217
217
332
257
228
96
332
96
332
96
332
96
332
96
332
96
332
96
332
96
332
96
332
96
332
96
332
96
332
96
332
96
332
96
332
96
332
96
332
96
332
96
332
96
332
96
96
257
257
0
3
96
96
332
96
332
96
96
257
257
0
3
96
96
332
96
332
96
96
257
257
0
3
96
96
332
96
332
96
96
257
257
0
3
96
96
332
96
332
96
96
257
257
0
3
96
96
332
96
332
96
96
257
257
0
3
96
96
332
96
332
96
96
257
257
0
3
96
96
332
96
332
96
96
257
257
0
3
96
96
332
96
332
96
96
257
257
0
3
96
96
332
96
332
96
96
257
257
0
3
96
96
332
96
332
96
96
257
257
0
3
96
96
332
96
332
96
96
257
257
0
3
96
96
332
96
332
96
96
257
257
0
3
96
96
332
96
332
96
96
257
257
0
3
96
96
332
96
332
96
96
257
257
0
3
96
96
332
96
332
96
96
257
257
0
3
96
96
332
96
332
96
96
257
257
0
3
96
96
332
96
332
96
96
257
257
0
3
96
96
332
96
332
96
96
257
257
0
3
96
96
217
1
228
228
202
0
228
202
228
7
1
228
228
202
0
228
228
7
96
1
202
0
254
202
7
202
202
228
7
257
262
1
228
3
1
228
228
202
228
202
0
228
202
228
7
21
262
217
217
332
257
228
96
332
96
217
1
228
228
202
0
228
202
228
7
1
228
228
202
0
228
228
7
1
202
0
254
202
7
202
202
228
7
257
262
1
228
3
1
228
228
202
228
202
0
228
202
228
7
21
262
217
217
332
257
228
96
96
257
0
3
96
96
332
96
332
96
332
96
332
96
332
96
96
257
257
0
3
96
96
332
96
96
257
257
0
3
96
96
332
96
332
96
96
257
257
0
3
96
96
332
96
96
257
257
0
3
96
96
332
96
96
257
257
0
3
96
96
332
96
332
96
332
96
96
257
257
0
3
96
96
332
96
96
257
257
0
3
96
96
332
3
96
96
332
96
96
257
257
0
3
96
96
332
96
332
96
96
257
257
0
3
96
96
332
96
332
96
332
96
96
257
257
0
257
72
0
3
96
96
332
96
96
257
257
0
3
96
96
332
96
96
257
257
0
3
8
0
3
96
96
332
96
332
96
332
96
332
96
332
96
332
96
96
257
257
0
293
262
16
8
16
293
3
96
96
332
96
96
257
257
0
14
58
3
3
33
13
13
13
13
13
13
13
13
13
13
13
13
13
13
13
13
13
13
13
13
13
13
13
13
13
13
13
13
13
13
13
13
13
13
13
13
3
3
3
3
3
3
3
3
3
3
217
3
3
3
3
3
3
3
217
3
