59
12
158
9
21
257
262
9
3
257
0
17
17
17
262
17
9
9
9
9
9
3
9
158
218
273
334
10
10
10
302
11
102
104
39
13
107
318
12
12
110
79
107
108
13
13
13
13
13
13
439
262
231
59
12
158
9
21
257
262
9
3
257
0
17
17
17
262
17
9
9
9
9
9
3
9
158
218
273
334
10
10
10
302
11
102
104
39
13
107
318
12
12
110
79
107
108
13
13
13
13
13
13
80
262
262
262
262
14
58
14
59
12
158
9
21
257
262
9
3
257
0
17
17
17
262
17
9
9
9
9
9
3
9
158
218
273
334
10
10
10
302
11
102
104
39
13
107
318
12
12
110
79
107
108
13
13
13
13
13
13
439
262
231
59
12
158
9
21
257
262
9
3
257
0
17
17
17
262
17
9
9
9
9
9
3
9
158
218
273
334
10
10
10
302
11
102
104
39
13
107
318
12
12
110
79
107
108
13
13
13
13
13
13
80
262
262
262
262
14
58
262
186
286
232
16
47
257
262
0
16
0
3
267
257
262
0
3
257
262
0
3
257
0
3
257
262
0
0
3
257
262
0
0
3
257
262
0
16
0
3
267
267
257
267
267
46
47
202
202
202
202
1
202
7
257
186
232
14
59
12
158
9
21
257
262
9
3
257
0
17
17
17
262
17
9
9
9
9
9
3
9
158
218
273
334
10
10
10
302
11
102
104
39
13
107
318
12
12
110
79
107
108
13
13
13
13
13
13
439
262
231
59
59
59
12
158
9
21
257
262
9
3
257
0
17
17
17
262
17
9
9
9
9
9
3
9
158
218
273
334
10
10
10
302
11
102
104
39
13
107
318
12
12
110
79
107
108
13
13
13
13
13
13
439
262
231
59
12
158
9
21
257
262
9
3
257
0
17
17
17
262
17
9
9
9
9
9
3
9
158
218
273
334
10
10
10
302
11
102
104
39
13
107
318
12
12
110
79
107
108
13
13
13
13
13
13
80
262
262
262
262
14
58
14
59
12
158
9
21
257
262
9
3
257
0
17
17
17
262
17
9
9
9
9
9
3
9
158
218
273
334
10
10
10
302
11
102
104
39
13
107
318
12
12
110
79
107
108
13
13
13
13
13
13
439
262
231
59
59
12
158
9
21
257
262
9
3
257
0
17
17
17
262
17
9
9
9
9
9
3
9
158
218
273
334
10
10
10
302
11
102
104
39
13
107
318
12
12
110
79
107
108
13
13
13
13
13
13
439
262
231
