59
12
158
9
21
257
262
9
3
257
0
262
9
9
9
9
3
257
0
17
17
17
262
17
9
9
9
9
9
3
9
158
218
273
334
10
10
10
10
302
11
318
12
12
204
257
0
3
9
9
9
9
9
9
9
14
131
131
14
186
13
13
13
13
13
13
13
13
13
13
13
13
13
13
13
13
13
13
13
13
13
13
13
13
13
13
13
13
13
13
13
13
13
13
13
13
13
13
13
13
13
13
13
13
13
13
13
13
13
13
13
13
13
13
13
13
13
13
13
13
13
13
13
13
13
13
13
13
13
13
13
13
13
13
13
13
13
13
13
13
13
13
13
13
13
13
13
13
13
13
13
13
13
13
13
13
13
13
13
13
13
13
13
13
13
13
13
13
13
13
13
13
13
13
14
13
14
9
10
14
435
14
14
14
9
10
14
435
14
14
202
14
3
202
0
3
3
233
3
233
3
247
202
11
39
16
16
16
16
16
281
35
334
273
14
9
11
11
10
131
131
14
186
35
334
273
14
9
11
10
131
131
14
186
202
202
35
202
202
202
202
14
9
10
14
435
14
14
257
262
3
257
262
3
3
21
267
257
262
0
3
257
262
262
0
0
3
257
257
262
3
257
262
3
257
262
3
257
262
3
257
262
3
257
262
3
257
262
3
3
21
267
257
262
0
3
257
262
262
0
0
3
257
257
262
3
257
262
3
257
262
3
257
262
3
257
262
3
257
262
3
257
262
3
3
21
10
10
10
11
102
104
39
13
107
12
12
110
4
4
257
72
3
72
107
108
13
13
13
13
13
13
0
