59
35
1
0
1
7
0
7
35
12
158
9
21
257
262
9
3
257
0
262
9
9
9
9
3
257
0
17
17
17
262
17
9
9
9
9
9
3
9
158
218
273
334
10
10
1
0
1
1
7
0
7
0
257
262
0
16
16
16
16
16
16
16
16
16
16
16
16
16
16
16
16
3
186
286
232
7
46
7
1
232
47
1
1
47
46
7
0
47
7
47
7
39
16
9
11
39
16
16
47
46
47
7
7
1
0
1
47
7
0
16
47
7
10
10
302
11
0
77
186
286
232
0
257
262
0
16
16
16
16
16
16
16
16
16
16
16
16
16
16
16
16
3
186
286
232
318
12
12
204
257
0
3
9
9
9
9
9
9
9
14
131
131
14
186
13
13
13
13
13
13
13
13
13
13
13
13
13
13
13
13
13
13
13
13
13
13
13
13
13
13
13
13
13
13
13
13
13
13
13
13
13
13
13
13
13
13
13
13
13
13
13
13
13
13
13
13
13
13
13
13
13
13
13
13
13
13
13
13
13
13
13
13
13
13
13
13
13
13
13
13
13
13
13
13
13
13
13
13
13
13
13
13
13
13
13
13
13
13
13
13
13
13
13
13
13
13
13
13
13
13
13
13
13
13
13
13
13
13
14
13
14
9
10
14
435
14
14
14
9
10
14
435
14
14
202
334
273
14
9
11
11
10
131
131
14
186
202
14
9
10
14
435
14
14
202
202
334
273
14
9
11
10
131
131
14
186
35
334
273
14
9
10
131
131
14
186
202
35
202
14
9
10
35
14
435
14
14
35
35
35
35
35
35
35
35
35
334
273
14
9
11
10
35
131
131
14
186
202
35
35
35
202
202
202
35
35
35
267
72
35
9
72
72
35
35
35
202
202
202
35
35
35
35
35
35
35
202
202
202
202
202
35
35
35
35
35
35
35
202
202
202
35
35
35
35
35
35
202
202
202
35
35
35
35
35
35
35
35
35
202
202
202
35
35
35
35
35
35
202
202
202
35
290
1
1
7
0
7
0
46
7
7
47
47
46
232
1
47
7
47
1
1
7
0
1
7
1
7
0
7
0
1
202
3
10
10
10
10
10
10
10
10
10
10
10
10
10
10
10
10
10
10
10
10
10
10
10
10
10
10
10
10
10
10
10
10
10
10
10
10
10
10
10
10
10
10
10
10
10
10
10
10
10
35
257
291
233
233
0
0
262
262
262
10
10
10
10
10
10
10
290
1
1
202
202
0
202
202
202
202
202
202
202
46
47
47
46
232
39
7
1
47
7
47
1
1
7
0
1
7
1
7
0
7
7
0
1
202
3
10
10
10
10
10
10
281
35
290
1
1
202
202
0
202
202
202
202
202
202
202
46
47
47
46
232
7
1
47
7
47
1
1
7
0
1
7
1
7
0
7
7
0
1
202
3
10
10
290
1
1
202
202
0
202
202
202
202
202
202
202
46
47
47
46
232
202
202
202
7
1
47
7
47
1
1
7
0
1
7
1
7
0
7
7
0
1
202
3
10
10
10
10
10
10
7
281
35
281
35
202
202
202
262
262
262
262
262
262
262
262
262
257
281
35
281
35
202
202
202
137
28
28
28
28
281
35
63
39
281
35
202
202
202
270
202
202
202
202
202
202
202
202
202
202
202
202
202
202
202
202
202
202
202
202
202
202
202
202
202
202
202
202
202
202
202
202
202
202
202
202
202
202
202
202
202
202
202
202
202
202
202
202
202
202
202
202
202
202
202
202
202
202
202
202
202
202
202
202
202
202
202
202
202
202
202
202
202
202
202
202
202
202
202
202
202
202
202
202
202
202
202
202
202
202
202
202
202
202
202
202
281
35
0
257
262
0
16
16
16
16
16
16
16
16
16
16
16
16
16
16
16
16
3
186
286
232
137
281
35
202
202
202
281
35
281
35
202
202
202
281
35
257
233
72
72
0
233
3
281
35
202
202
202
281
35
63
41
49
44
45
51
51
45
51
3
281
35
202
202
202
262
262
262
262
257
233
233
293
233
72
72
233
72
72
72
72
72
72
293
39
14
14
56
13
13
13
13
13
13
13
13
13
13
13
13
13
13
13
13
13
13
13
13
13
13
13
13
13
13
13
13
13
13
13
13
13
13
13
13
13
13
13
13
13
13
13
13
13
13
13
13
13
13
13
13
13
13
13
13
14
33
33
33
