59
35
46
47
47
232
3
3
3
3
46
47
47
46
232
47
47
186
232
46
47
47
46
47
47
186
232
232
186
233
232
0
257
262
262
0
0
3
0
186
232
44
45
186
233
286
232
186
232
186
233
232
45
186
232
257
262
0
16
16
16
16
16
16
16
16
16
16
16
16
16
16
16
16
3
186
286
232
186
233
232
186
232
35
47
233
3
46
46
46
46
232
1
47
7
47
1
1
7
0
1
7
1
7
0
7
0
7
1
47
47
1
7
0
1
1
7
0
7
47
47
1
0
7
1
0
7
1
47
7
47
1
1
7
0
1
202
202
0
202
202
202
202
7
7
1
7
0
7
12
158
9
21
257
262
9
3
257
0
262
9
10
9
9
9
3
257
0
262
9
9
9
9
46
47
47
47
271
46
255
255
46
47
47
47
271
47
47
46
47
47
186
232
46
255
255
46
47
47
47
271
232
47
47
46
47
47
186
232
46
46
47
47
47
271
46
46
47
47
47
271
232
47
47
10
10
10
302
11
318
12
12
137
137
257
262
0
0
3
21
157
157
157
157
157
157
137
257
262
0
16
0
3
257
262
0
16
0
3
39
257
21
257
262
0
16
0
3
257
262
0
3
257
257
257
262
0
16
16
16
16
16
16
16
16
9
9
3
257
0
262
9
10
9
9
9
3
257
0
262
9
10
9
9
9
9
3
257
0
262
9
9
9
9
3
257
0
262
9
9
9
9
3
9
257
0
262
9
9
9
9
3
257
0
262
9
9
9
9
9
3
257
0
262
9
9
9
9
3
257
0
262
9
9
9
9
3
9
9
158
218
273
334
10
10
10
10
10
10
10
10
10
10
10
10
10
10
10
10
10
10
10
10
10
10
10
302
11
318
12
12
137
137
257
262
0
0
3
21
157
157
157
157
9
9
9
9
3
257
0
262
9
9
9
9
3
257
0
262
9
9
9
9
3
9
257
0
262
9
9
9
9
3
257
0
262
9
9
9
9
9
3
257
0
262
9
9
9
9
3
257
0
262
9
9
9
9
3
9
9
158
218
273
334
10
10
10
10
10
10
10
10
10
10
10
10
10
10
10
10
10
10
10
10
10
10
10
302
11
318
12
12
137
137
257
262
0
0
3
21
157
157
157
157
157
157
137
257
262
0
16
0
3
257
262
231
59
47
233
3
46
46
46
46
232
1
47
7
47
1
1
7
0
1
7
1
7
0
7
0
7
1
47
47
1
7
0
1
1
7
0
7
47
47
1
0
7
1
0
7
1
47
7
47
1
1
7
0
1
202
202
0
202
202
202
202
7
7
1
7
0
7
12
158
9
21
257
262
9
3
257
0
262
9
10
9
9
9
3
257
0
262
9
9
9
9
3
257
0
262
9
9
9
9
3
257
0
17
17
17
262
17
9
9
9
9
9
3
9
158
218
273
334
10
10
10
10
10
10
302
11
318
12
12
95
257
5
80
118
120
257
262
0
4
3
186
257
0
0
3
257
257
267
267
3
3
108
119
108
257
258
257
3
258
257
3
258
257
3
3
257
108
119
108
108
119
108
257
108
119
108
3
13
37
73
37
13
257
262
0
0
0
0
0
0
3
257
262
3
108
119
108
257
258
257
3
258
257
3
258
257
3
3
108
119
108
257
262
0
0
0
0
0
0
3
73
3
89
12
12
12
257
257
3
89
257
257
3
108
119
108
257
258
257
3
258
257
3
258
257
3
3
257
108
119
108
108
119
108
257
108
119
108
3
13
37
73
37
13
257
21
39
186
202
257
257
262
0
0
21
3
293
293
39
56
13
3
3
257
138
5
89
257
262
0
0
0
0
0
0
3
39
290
56
13
37
0
273
157
62
308
257
262
0
0
0
0
0
0
0
0
0
0
0
0
0
0
0
0
0
0
0
0
0
0
0
0
0
0
0
0
0
0
0
0
0
0
0
0
0
0
0
0
0
0
0
0
0
0
0
0
0
0
0
0
0
0
0
0
0
0
0
0
3
257
262
0
3
1
37
13
61
273
3
3
186
257
1
3
157
62
81
13
37
0
231
