59
14
3
0
3
3
233
3
247
12
158
9
21
257
262
9
3
257
0
0
257
262
0
16
16
16
16
16
16
16
16
16
16
16
16
16
16
16
16
3
186
286
232
270
10
10
302
11
318
12
12
204
257
0
3
9
9
9
9
9
9
9
14
131
131
14
186
13
13
13
13
13
13
13
13
13
13
13
13
13
13
13
13
13
13
13
13
13
13
13
13
13
13
13
13
13
13
13
13
13
13
13
13
13
13
13
13
13
13
13
13
13
13
13
13
13
13
13
13
13
13
13
13
13
13
13
13
13
13
13
13
13
13
13
13
13
13
13
13
13
13
13
13
13
13
13
13
13
13
13
13
13
13
13
13
13
13
13
13
13
13
13
13
13
13
13
13
13
13
13
13
13
13
13
13
13
13
13
13
13
13
14
13
14
9
10
14
435
14
14
14
9
10
14
435
14
14
202
334
273
14
9
11
11
10
131
131
14
186
202
14
9
10
14
435
14
14
202
202
334
273
14
9
11
10
131
131
14
186
35
334
273
14
9
10
131
131
14
186
202
14
9
10
14
435
35
202
14
14
35
202
202
202
35
257
233
233
217
217
262
257
233
233
5
0
0
3
3
257
233
233
217
217
262
257
233
233
5
0
0
3
3
257
233
233
217
217
262
257
233
233
5
0
0
3
3
257
233
233
217
217
262
257
233
233
5
0
0
3
3
257
233
233
217
217
262
257
233
233
5
0
0
3
3
35
35
35
35
35
35
35
35
35
35
35
35
35
35
35
35
35
35
35
35
35
35
257
35
35
233
233
1
35
35
202
35
202
35
35
35
257
233
233
74
35
35
202
35
35
202
334
273
202
35
14
9
35
11
10
35
131
131
14
186
35
202
35
35
35
35
202
35
254
254
254
254
254
7
254
7
35
202
202
202
35
35
35
35
202
14
28
60
35
202
3
262
264
74
202
35
202
35
202
35
35
35
35
202
202
202
35
267
72
35
9
72
72
35
35
202
3
202
35
202
35
202
257
233
233
1
257
233
233
74
35
35
202
202
35
35
202
35
202
35
35
35
202
202
202
35
35
35
202
3
262
264
74
35
35
202
35
202
202
35
35
202
202
202
35
202
3
202
35
202
35
257
291
233
233
0
0
262
262
262
281
35
202
202
202
281
35
0
257
262
0
16
16
16
16
16
16
16
16
16
16
16
16
16
16
16
16
3
186
286
232
281
35
202
202
202
39
262
262
262
262
262
262
262
262
257
281
35
281
35
202
202
202
28
281
35
28
262
281
35
202
202
202
281
35
281
35
202
202
202
281
35
202
202
202
202
202
202
202
202
202
202
202
202
202
202
202
202
202
202
202
202
202
202
202
202
202
202
202
202
202
202
202
202
202
202
202
202
202
202
202
202
202
202
202
202
202
202
202
202
202
202
202
202
202
202
202
202
202
202
202
202
202
202
202
202
202
202
202
202
202
202
202
202
202
202
202
202
202
202
202
202
202
202
202
202
202
202
202
202
202
202
202
202
202
202
202
202
281
35
137
281
35
202
202
202
137
28
28
281
35
28
28
281
35
202
202
202
202
202
257
233
72
72
0
233
3
281
35
262
281
35
202
202
202
16
16
281
35
63
257
233
72
72
5
0
0
233
3
267
262
267
257
233
233
17
17
17
17
17
17
17
17
17
17
17
17
17
17
17
17
17
17
17
17
17
17
17
17
17
17
17
17
17
17
17
17
17
17
17
17
17
17
17
17
17
17
17
17
17
17
17
17
17
17
17
17
3
257
233
233
217
217
262
262
262
262
262
262
262
262
281
202
35
202
262
262
262
202
35
202
262
3
202
35
202
262
262
262
202
35
202
262
257
202
35
202
233
72
202
35
202
72
0
202
35
202
202
202
24
202
202
202
35
35
35
35
0
35
0
233
3
35
257
233
233
0
35
0
3
257
233
35
72
72
0
35
35
35
35
0
35
0
233
35
3
257
233
35
72
72
5
0
0
233
35
3
257
233
233
293
35
233
72
72
233
72
72
35
293
233
72
72
233
72
72
35
72
72
72
72
293
39
35
14
14
56
13
35
13
13
13
13
13
13
13
13
35
13
13
13
13
13
13
13
13
35
13
13
13
13
13
13
13
13
35
13
13
13
13
13
13
13
13
35
13
13
13
13
13
13
13
13
35
13
13
13
13
13
13
13
13
13
35
13
13
13
13
13
13
14
33
35
33
33
59
35
14
3
0
35
202
35
202
3
35
3
233
3
247
35
12
202
35
0
202
158
202
9
21
257
262
9
3
257
0
262
9
9
9
9
3
257
0
17
17
17
262
17
9
9
9
9
9
3
9
158
218
273
334
10
10
10
10
302
11
318
12
12
204
257
0
3
9
9
9
9
9
9
9
14
131
131
14
186
13
13
13
13
13
13
13
13
13
13
13
13
13
13
13
13
13
13
13
13
13
13
13
13
13
13
13
13
13
13
13
13
13
13
13
13
13
13
13
13
13
13
13
13
13
13
13
13
13
13
13
13
13
13
13
13
13
13
13
13
13
13
13
13
13
13
13
13
13
13
13
13
13
13
13
13
13
13
13
13
13
13
13
13
13
13
13
13
13
13
13
13
13
13
13
13
13
13
13
13
13
13
13
13
13
13
13
13
13
13
13
13
13
13
14
13
14
9
10
14
435
14
14
14
9
10
14
435
14
14
202
334
273
14
9
11
11
10
131
131
14
186
202
14
9
10
14
435
14
14
202
202
334
273
14
9
11
10
131
131
14
186
35
334
273
14
9
10
131
131
14
186
202
14
9
10
14
435
14
14
267
72
9
72
72
257
291
233
233
0
0
262
262
262
39
262
262
262
262
262
262
262
262
257
28
28
262
202
202
202
202
35
202
202
202
202
202
202
202
202
35
202
202
202
202
202
202
202
202
35
202
202
202
202
202
202
202
202
35
202
202
202
202
202
202
202
202
35
202
202
202
202
202
202
202
202
35
202
202
202
202
202
202
202
202
35
202
202
202
202
202
202
202
202
35
202
202
202
202
202
202
202
202
35
202
202
202
202
202
202
202
202
35
202
202
202
202
202
202
202
202
35
202
202
202
202
202
202
202
202
35
202
202
202
202
202
202
202
202
35
202
202
202
202
202
202
202
202
35
202
202
202
202
202
202
202
35
202
202
202
202
202
202
202
202
35
202
202
202
202
202
202
137
137
28
28
28
28
257
233
72
72
0
233
3
262
35
334
273
14
9
11
35
10
131
131
14
186
202
35
35
16
16
35
35
63
257
35
233
72
72
5
0
35
0
233
3
267
35
262
35
35
35
35
35
281
35
35
35
35
35
35
35
35
35
35
35
35
35
267
35
257
233
233
17
17
35
17
17
17
17
17
17
35
17
17
17
17
17
17
35
17
17
17
17
17
17
35
17
17
17
17
17
17
17
35
17
17
17
17
17
17
35
17
17
17
17
17
17
35
17
17
17
17
17
17
17
17
35
17
17
17
17
17
3
257
233
233
217
35
217
262
262
262
262
262
262
262
262
262
262
262
262
3
262
262
262
35
262
257
233
72
72
0
35
0
0
233
3
257
233
233
0
0
3
257
233
72
72
0
35
0
0
233
3
257
233
72
72
5
0
0
233
3
257
233
233
293
233
72
72
233
72
72
293
233
72
72
233
72
72
72
72
72
72
293
39
14
14
56
13
13
13
13
13
13
13
13
13
13
13
13
13
13
13
13
13
13
13
13
13
13
13
13
13
13
13
13
13
13
13
13
13
13
13
13
13
13
35
13
13
13
13
13
13
13
13
13
13
13
13
13
13
13
13
13
13
14
33
33
33
