59
12
158
9
21
47
47
7
1
0
1
47
16
16
9
1
47
7
0
47
7
16
11
16
16
47
7
1
47
7
0
39
39
16
9
20
7
232
7
232
257
4
257
4
257
4
257
4
257
4
257
4
257
4
257
4
257
4
257
4
257
4
257
4
257
4
257
4
257
4
257
4
257
4
257
4
257
4
257
4
257
4
257
4
257
4
257
4
257
4
257
4
257
4
257
4
257
4
257
4
257
4
257
4
257
4
257
4
257
4
257
4
257
4
257
4
257
4
257
4
257
5
9
3
257
0
5
9
9
9
9
3
257
257
257
257
257
257
0
5
9
9
9
9
3
257
257
257
257
257
257
0
17
17
17
5
17
17
17
9
9
9
9
9
3
9
158
10
10
10
10
10
11
257
16
257
257
257
257
257
257
257
102
104
107
108
14
20
7
232
7
232
257
257
16
16
9
47
7
10
10
10
10
39
39
16
9
11
39
16
16
16
16
16
281
35
20
7
232
7
232
47
47
7
1
0
1
47
47
7
0
16
11
16
16
47
7
1
10
10
47
7
0
47
7
202
202
41
54
42
202
288
233
51
55
288
0
281
281
35
233
51
52
202
0
1
202
0
257
233
233
5
0
0
3
262
257
233
233
217
217
262
262
262
262
3
262
257
233
233
0
0
3
35
281
281
35
35
35
35
35
35
35
35
35
35
35
35
35
35
35
35
1
35
0
281
281
35
0
20
7
232
7
232
11
102
104
14
14
56
14
14
39
3
1
0
202
232
202
3
3
63
63
1
318
202
202
39
39
16
9
11
39
16
16
0
7
202
202
202
202
202
7
47
20
38
47
20
20
47
38
7
232
7
47
7
20
38
47
20
20
47
38
7
232
7
47
7
20
38
47
20
47
38
20
7
232
7
232
3
3
3
202
7
47
47
47
7
1
0
1
47
16
16
9
1
47
7
0
16
47
7
47
7
14
157
13
13
13
13
13
13
13
13
13
13
13
13
13
13
13
13
13
13
13
13
13
13
13
13
13
13
13
13
13
13
13
13
13
13
13
13
13
13
13
13
13
13
13
13
13
13
13
13
13
13
13
13
13
13
13
13
13
13
13
13
13
13
13
13
13
13
13
13
13
13
13
13
13
13
13
13
13
13
13
13
13
13
13
13
13
13
13
13
13
13
13
13
13
13
13
13
13
13
13
13
13
13
13
13
13
13
13
13
13
13
13
13
13
13
13
13
13
13
13
13
13
13
13
14
257
1
3
257
1
3
257
1
3
14
56
46
47
47
46
46
46
46
46
1
47
7
47
1
1
7
0
1
7
1
7
0
7
1
47
7
47
1
1
7
0
1
1
7
1
7
0
7
0
7
0
7
46
46
47
1
47
232
0
232
46
1
47
7
47
1
1
7
0
1
202
202
0
202
7
1
202
202
0
202
202
202
202
7
7
1
7
0
7
46
1
47
7
47
1
1
7
0
1
202
202
0
202
202
202
202
7
7
1
7
0
7
232
1
47
7
47
1
1
7
0
1
7
1
7
0
7
1
47
7
47
1
1
7
0
1
1
7
1
7
0
7
0
7
0
47
7
202
202
20
7
232
7
232
39
39
16
9
11
39
16
16
16
16
16
7
47
1
1
1
47
87
3
4
6
87
4
6
84
7
0
7
20
38
47
20
47
38
7
232
47
47
7
1
0
1
47
16
16
9
1
47
7
0
16
11
16
16
47
7
7
47
1
47
1
1
47
1
0
7
0
7
7
7
7
7
7
7
7
7
7
7
7
7
7
7
47
47
7
47
7
39
20
7
232
7
232
202
1
202
39
16
9
11
39
16
16
16
16
16
202
273
9
131
186
140
141
157
186
204
28
186
186
186
157
186
186
202
202
202
202
202
1
7
0
7
32
3
1
7
0
7
1
7
0
7
186
157
9
10
56
1
7
0
7
32
32
5
9
257
5
0
3
257
5
217
217
3
9
10
56
9
10
56
39
39
16
9
11
39
16
16
16
16
16
47
7
1
0
1
16
16
9
1
47
7
0
47
7
16
11
16
16
47
7
1
47
7
0
47
7
202
202
202
202
202
202
202
202
202
20
7
232
7
232
47
47
47
47
7
202
202
202
202
202
7
0
1
202
202
1
39
39
202
202
273
9
131
186
140
141
186
186
186
186
204
28
157
186
186
186
39
204
202
186
39
204
20
7
232
7
232
202
47
47
7
1
0
1
47
16
16
9
1
47
7
0
16
11
16
16
47
7
47
7
202
202
202
202
202
202
202
202
202
7
0
1
202
202
202
202
202
202
202
202
202
202
202
202
202
202
202
202
46
47
47
232
202
202
202
202
202
202
202
202
202
202
202
202
202
202
202
202
202
202
202
202
202
202
202
202
202
202
202
202
202
202
202
202
202
202
9
10
10
10
10
10
10
10
10
202
202
202
202
202
202
202
3
3
7
0
7
202
202
202
202
202
202
202
202
202
202
202
202
39
3
202
202
202
202
319
77
9
202
202
202
202
202
202
7
39
39
16
9
11
39
16
16
16
16
16
202
202
202
47
7
20
38
47
7
232
47
38
7
232
47
7
20
38
47
20
47
319
72
14
285
14
9
72
3
47
38
7
46
3
232
7
47
20
38
47
319
72
14
285
14
9
72
3
47
7
46
3
232
47
38
7
232
38
47
47
38
7
232
7
20
38
47
319
72
14
285
14
9
72
3
47
38
7
46
3
232
38
47
47
38
7
232
7
20
38
47
11
20
11
47
38
7
46
232
47
7
20
7
20
7
38
47
319
72
14
285
14
9
72
3
47
47
38
7
46
3
232
20
47
202
202
202
202
202
38
47
11
20
47
38
7
46
232
202
202
202
202
202
202
202
202
202
202
202
202
202
202
202
202
186
202
202
7
47
20
38
47
20
47
38
7
232
7
47
20
38
47
20
20
47
38
7
232
202
202
202
202
202
202
202
202
202
202
202
202
202
202
202
202
202
202
202
202
202
202
202
202
202
202
202
202
202
202
202
202
202
202
202
202
202
202
202
202
202
202
10
10
202
202
202
202
41
49
51
44
47
47
47
3
4
257
8
5
0
8
0
3
41
54
42
7
307
45
47
262
262
262
262
262
262
41
54
54
54
54
54
54
42
54
233
55
1
186
286
232
45
47
262
262
262
262
262
262
41
54
54
54
54
54
54
42
54
233
55
1
186
232
7
202
202
10
10
1
202
202
0
202
7
1
202
202
0
202
7
202
202
202
202
202
10
10
10
10
10
10
10
10
202
202
11
39
16
47
47
7
47
7
1
232
47
72
262
9
1
47
7
0
1
232
47
72
262
9
1
47
7
0
1
232
47
72
262
9
1
47
7
0
1
232
47
11
3
11
3
72
262
9
1
47
7
0
1
232
47
11
3
1
47
7
0
16
11
16
16
1
16
47
7
0
1
0
1
47
7
0
45
47
233
3
46
186
232
16
45
7
45
47
233
3
46
186
286
232
16
45
3
41
42
42
42
51
3
1
202
0
7
7
41
72
72
54
42
7
319
257
77
9
39
39
16
9
11
3
11
72
3
32
9
3
32
32
46
47
1
47
232
0
32
3
3
1
7
0
7
7
7
7
3
3
32
32
3
3
319
257
77
9
11
3
11
72
3
32
9
3
32
32
46
47
1
47
232
0
32
3
3
1
7
0
7
7
7
7
3
3
32
32
3
3
319
257
77
9
202
202
55
51
7
45
45
54
54
54
54
54
54
54
44
7
11
3
11
72
3
32
9
3
32
32
46
47
1
47
232
0
32
3
3
1
7
0
7
7
7
7
3
3
32
32
3
3
319
257
77
9
11
3
11
72
3
32
9
3
32
32
46
47
1
47
232
0
32
3
3
1
7
0
7
7
7
7
3
3
32
32
3
3
10
10
10
10
10
10
45
45
16
7
46
47
1
47
232
0
1
7
0
7
7
7
7
202
202
10
10
257
8
8
8
318
318
0
3
11
39
16
47
7
16
1
16
46
47
1
47
232
0
1
7
0
7
7
7
7
47
7
0
1
0
1
47
7
0
39
39
16
9
202
202
46
47
1
47
232
0
1
7
0
7
7
7
7
46
47
1
47
232
0
1
7
0
7
7
7
7
46
47
1
47
232
0
1
7
0
7
7
7
7
46
47
1
47
232
0
1
7
0
7
7
7
7
46
47
1
47
232
0
1
7
0
7
7
7
7
46
47
1
47
232
0
1
7
0
7
7
7
7
46
47
1
47
232
0
1
7
0
7
7
7
7
46
47
1
47
232
0
1
7
0
7
7
7
7
46
47
1
47
232
0
1
7
0
7
7
7
7
46
47
1
47
232
0
1
7
0
7
7
7
7
46
47
1
47
232
0
1
7
0
7
7
7
7
46
47
1
47
232
0
1
7
0
7
7
7
7
46
47
1
47
232
0
1
7
0
7
7
7
7
46
47
1
47
232
0
1
7
0
7
7
7
7
46
47
1
47
232
0
1
7
0
7
7
7
7
46
47
1
47
232
0
1
7
0
7
7
7
7
46
47
1
47
232
0
1
7
0
7
7
7
7
46
47
1
47
232
0
1
7
0
7
7
7
7
46
47
1
47
232
0
1
7
0
7
7
7
7
46
47
1
47
232
0
1
7
0
7
7
7
7
46
47
1
47
232
0
1
7
0
7
7
7
7
46
47
1
47
232
0
1
7
0
7
7
7
7
202
257
257
257
0
0
0
3
257
257
257
257
257
257
5
0
3
4
4
4
4
257
257
257
257
4
4
4
4
257
257
257
257
4
4
4
4
257
257
257
257
4
4
4
4
257
257
257
257
4
4
4
4
257
257
257
257
4
257
5
9
3
4
4
4
4
257
257
257
257
4
4
4
4
257
257
257
257
4
4
4
4
257
257
257
257
4
4
4
4
257
257
257
257
10
10
46
47
1
47
232
0
46
318
46
318
39
63
63
46
46
46
46
46
46
46
1
7
0
7
7
7
7
47
47
232
202
202
202
202
202
202
202
202
202
257
221
5
0
3
202
202
202
202
202
202
202
202
202
202
202
202
202
202
202
202
202
202
202
202
202
202
202
202
202
202
202
202
202
89
293
293
56
11
39
16
47
7
16
16
202
202
202
202
202
3
0
47
7
1
0
1
47
7
0
16
47
7
47
7
273
13
13
13
13
13
3
257
33
3
33
72
257
33
3
33
72
257
217
3
3
3
3
3
3
3
3
3
3
3
3
3
3
3
3
3
3
3
3
3
3
3
3
3
3
3
3
3
3
3
3
3
3
3
3
3
3
3
3
3
3
3
3
3
3
3
3
3
3
3
3
3
3
3
3
3
3
3
3
3
3
3
3
3
3
3
3
3
3
3
3
3
3
3
3
3
3
3
3
3
3
3
3
3
3
217
3
