59
12
158
9
21
257
262
9
3
257
0
17
17
17
262
17
9
9
9
9
9
3
9
158
218
273
334
10
8
8
0
8
0
8
8
0
8
8
0
8
8
0
8
0
8
8
0
8
8
0
8
8
0
8
0
8
8
0
8
8
0
8
8
0
8
0
8
8
0
8
8
0
8
8
0
8
0
8
8
0
8
8
0
8
8
0
8
0
8
8
0
8
8
0
8
8
0
8
0
8
8
0
3
16
16
9
257
257
257
262
0
8
0
0
8
0
8
8
0
8
8
0
8
8
0
8
0
8
8
0
8
8
0
8
8
0
8
0
8
8
0
8
8
0
8
8
0
8
0
8
8
0
8
8
0
8
8
0
8
0
8
8
0
8
8
0
8
8
0
8
0
8
8
334
273
14
186
314
157
1
1
202
202
0
202
202
202
202
14
435
14
7
202
334
273
14
186
314
157
1
202
202
0
202
202
7
1
202
202
334
273
14
186
314
157
202
10
10
302
11
0
8
8
0
8
8
0
8
0
8
8
0
8
8
0
8
8
0
8
0
8
8
0
8
8
0
8
8
0
8
0
8
8
0
3
7
20
38
47
319
72
14
285
14
9
72
3
319
72
14
285
14
9
72
3
11
319
72
14
285
14
9
72
3
319
72
14
285
14
9
72
3
11
319
72
14
285
14
9
72
3
319
72
14
285
14
9
72
3
11
319
72
14
285
14
9
72
3
319
72
14
285
14
9
72
3
11
319
72
14
285
14
9
72
3
319
72
14
285
14
9
72
3
11
319
72
14
285
14
9
72
3
319
72
14
285
14
9
72
3
11
319
72
14
285
14
9
72
3
47
47
38
7
46
3
3
3
3
3
3
3
3
3
3
3
3
3
232
7
20
38
47
319
72
14
285
14
9
72
3
11
319
72
14
285
14
9
72
3
319
72
14
285
14
9
72
3
11
319
72
14
285
14
9
72
3
319
72
14
285
14
9
72
3
11
319
72
14
285
14
9
72
3
319
72
14
285
14
9
72
3
11
319
72
14
285
14
9
72
3
319
72
14
285
14
9
72
3
11
319
72
14
285
14
9
72
3
319
72
14
285
14
9
72
3
11
319
72
14
285
14
9
72
3
319
72
14
285
14
9
72
3
11
319
72
14
285
14
9
72
7
20
7
20
7
20
7
3
47
319
72
14
285
14
9
72
3
11
319
72
14
285
14
9
72
3
319
72
14
285
14
9
72
3
11
319
72
14
285
14
9
72
3
319
72
14
285
14
9
72
3
11
319
72
14
285
14
9
72
3
319
72
14
285
14
9
72
3
11
319
72
14
285
14
9
72
3
319
72
14
285
14
9
72
3
11
319
72
14
285
14
9
72
3
319
72
14
285
14
9
72
3
11
319
72
14
285
14
9
72
3
47
319
72
14
285
14
9
72
3
11
319
72
14
285
14
9
72
3
319
72
14
285
14
9
72
46
3
3
3
3
3
3
3
3
3
3
3
3
3
3
3
3
3
3
3
3
3
3
3
3
3
3
3
3
3
11
319
72
14
285
14
9
72
3
319
72
14
285
14
9
72
3
11
319
72
14
285
14
9
72
3
319
72
14
285
14
9
72
3
11
319
72
14
285
14
9
72
3
319
72
14
285
14
9
72
3
11
319
72
14
285
14
9
72
3
319
72
14
285
14
9
72
3
11
319
72
14
285
14
9
72
3
47
319
72
14
285
14
9
72
3
11
319
72
14
285
14
9
72
3
319
72
14
285
14
9
72
3
11
319
72
14
285
14
9
72
3
319
72
14
285
14
9
72
3
11
319
72
14
285
14
9
72
3
319
72
14
285
14
9
72
3
11
319
72
14
285
14
9
72
3
319
72
15
14
285
14
9
72
3
7
46
3
3
3
3
3
3
3
3
3
3
3
3
3
3
3
3
3
3
3
232
11
319
72
14
285
14
9
72
3
20
7
20
7
20
7
318
12
12
204
257
0
3
9
9
9
9
9
9
9
9
9
9
9
9
9
9
9
9
9
9
14
131
131
14
186
13
13
13
13
13
13
13
13
13
13
13
13
13
13
13
13
13
13
13
13
13
13
13
13
13
13
13
13
13
13
13
13
13
13
13
13
13
13
13
13
13
13
13
13
13
13
13
13
13
13
13
13
13
13
13
13
13
13
13
13
13
13
13
13
13
13
13
13
13
13
13
13
13
13
13
13
13
13
13
13
13
13
13
13
13
13
13
13
13
13
13
13
13
13
13
13
13
13
13
13
13
13
13
13
13
13
13
13
13
13
13
13
13
14
13
14
9
10
14
435
14
14
14
9
10
14
435
14
14
202
319
72
14
285
14
9
72
3
11
319
72
14
285
14
9
72
3
47
20
47
10
10
10
10
10
10
10
10
10
10
10
10
10
10
10
10
10
10
10
10
10
10
10
10
10
10
10
10
10
10
10
10
10
10
10
10
10
10
10
10
10
10
15
7
46
3
3
3
232
319
72
14
285
14
9
72
3
11
319
72
14
285
14
9
72
3
319
72
14
285
14
9
72
3
11
319
72
14
285
14
9
72
3
319
72
14
285
14
9
72
3
11
319
72
14
285
14
9
72
3
319
72
14
285
14
9
72
3
11
319
72
14
285
14
9
72
3
319
72
14
285
14
9
72
3
11
319
72
14
285
14
9
72
3
319
72
14
285
14
9
72
3
11
319
72
14
285
14
9
72
3
47
319
72
14
285
14
9
72
3
11
319
72
14
285
14
15
9
72
3
7
46
3
3
3
3
3
3
3
3
3
3
3
3
3
3
232
319
72
14
285
14
9
72
3
11
319
72
14
285
14
9
72
3
319
72
14
285
14
9
72
3
11
319
72
14
285
14
9
72
3
319
72
14
285
14
9
72
3
11
319
72
14
285
14
9
72
3
319
72
14
285
14
9
72
3
11
319
72
14
285
14
9
72
3
319
72
14
285
14
9
72
3
11
319
72
14
285
14
9
72
3
47
319
72
14
285
14
9
72
3
11
319
72
14
285
14
9
72
3
319
72
14
285
14
9
72
3
11
319
72
14
285
14
9
72
3
319
72
14
285
14
9
72
3
11
319
72
14
285
14
9
72
3
319
72
14
285
14
9
72
3
11
319
72
14
285
14
9
72
3
319
72
14
285
14
9
72
3
11
319
72
14
285
14
9
72
3
319
72
14
285
14
9
72
3
11
334
273
14
9
11
11
10
131
131
14
186
202
14
9
10
14
435
14
14
202
202
334
273
14
9
11
10
131
131
14
186
35
10
10
10
10
10
10
10
10
10
10
10
10
10
10
10
10
10
10
1
202
35
334
273
14
9
10
131
131
14
186
202
14
9
10
14
435
14
14
72
9
72
72
257
291
293
233
233
0
0
262
262
262
39
262
262
262
262
262
262
262
262
257
262
202
202
202
281
35
202
202
202
202
202
35
202
202
202
202
35
202
202
202
202
202
202
202
202
35
334
273
14
9
11
10
35
202
202
202
202
202
202
35
202
202
202
202
202
202
35
202
202
202
202
131
131
35
202
202
202
202
14
186
35
202
202
202
202
202
202
35
202
202
202
202
202
202
35
202
202
202
202
202
202
35
202
202
202
202
202
202
35
202
202
202
202
202
202
202
35
202
202
202
202
202
202
35
202
202
202
202
202
202
35
202
202
202
202
202
202
35
202
202
202
202
202
202
35
202
202
202
202
202
202
35
202
202
202
202
202
202
35
202
202
202
202
202
202
35
202
202
202
202
35
202
202
202
202
202
35
202
202
202
202
35
202
35
35
202
0
202
202
35
15
7
46
35
202
202
202
35
202
202
46
47
47
46
46
232
1
47
7
47
1
1
7
0
1
202
202
0
202
202
202
202
7
7
1
7
0
7
1
47
7
47
1
1
7
0
1
1
7
1
7
0
7
0
290
1
1
7
0
7
0
46
7
7
47
47
46
232
232
7
1
47
7
47
1
1
7
0
1
7
1
7
0
7
35
35
35
3
3
3
3
35
137
35
10
35
3
3
3
3
3
3
35
35
10
35
3
3
3
3
3
3
3
35
35
35
3
3
3
3
232
35
35
35
319
72
14
285
35
35
35
14
9
72
3
35
35
35
47
319
72
14
285
35
35
7
20
47
35
14
15
9
72
3
7
46
3
3
232
11
319
72
14
285
14
9
72
3
319
72
14
285
14
9
72
3
11
319
72
14
35
137
35
188
10
10
7
20
47
47
7
0
11
16
16
16
9
1
202
285
14
9
72
3
319
72
14
285
14
9
72
3
11
319
72
14
285
14
9
72
3
35
319
72
14
285
14
9
72
3
11
319
72
14
285
14
9
72
3
319
72
14
285
14
9
72
3
11
319
72
14
285
14
9
72
3
319
72
257
233
72
72
0
233
3
281
35
202
0
202
202
202
202
202
202
202
46
47
47
46
232
232
47
47
46
47
271
47
47
46
232
47
47
102
262
83
262
95
257
95
262
257
262
0
16
0
3
257
262
0
16
0
3
1
3
262
293
293
46
47
47
46
232
46
47
47
46
232
47
47
47
47
46
47
47
232
46
47
47
46
232
186
233
286
232
0
186
233
232
262
83
254
254
257
262
1
1
3
257
72
1
3
257
72
1
3
257
72
1
3
257
72
1
3
257
72
1
3
257
72
1
3
257
262
0
16
0
3
257
262
0
16
0
3
257
262
0
16
0
3
257
257
72
1
3
257
262
262
0
0
3
88
82
257
72
1
7
1
47
7
47
1
1
7
0
1
7
1
7
0
7
10
10
10
10
10
10
10
10
10
10
10
10
39
234
35
15
14
285
14
9
72
3
7
46
3
3
3
3
3
3
3
3
3
3
232
11
319
72
14
285
14
9
72
3
47
319
72
14
285
14
9
72
3
11
319
72
14
285
14
9
72
3
319
72
3
186
46
16
47
257
262
0
16
0
3
267
257
262
0
3
257
262
0
3
257
0
3
257
262
0
0
3
257
262
0
0
3
257
262
0
16
0
3
267
267
257
267
267
46
257
262
138
217
262
262
262
262
262
262
262
262
262
262
262
262
262
262
262
262
0
257
262
0
16
16
16
16
16
16
16
16
16
16
16
16
16
16
16
16
3
186
286
232
47
202
202
202
202
1
202
7
1
0
1
1
7
0
7
262
262
262
262
262
262
262
262
262
262
262
262
262
262
262
262
262
262
262
262
262
262
262
262
262
262
262
262
262
217
3
257
262
46
47
47
232
186
286
232
46
47
47
232
3
3
3
3
186
232
0
257
262
262
0
0
3
0
186
232
15
14
285
14
9
72
3
7
46
3
3
3
3
232
11
319
72
14
285
14
9
72
3
319
72
14
285
14
9
72
3
11
319
72
14
285
14
9
72
3
319
72
14
285
14
9
72
3
11
319
72
14
285
14
9
72
3
319
72
14
285
14
9
72
3
11
20
11
233
233
233
233
233
233
20
20
20
233
233
233
233
233
233
20
47
38
7
46
3
3
3
3
3
3
232
1
202
202
0
202
202
202
202
202
202
202
46
47
47
46
232
1
47
7
47
1
1
7
0
1
7
1
7
0
7
0
1
202
3
7
7
7
47
47
7
0
47
47
46
47
1
1
1
7
0
7
7
7
7
46
7
10
10
10
10
10
10
10
10
10
10
10
10
10
10
10
10
10
10
10
10
281
35
46
7
7
7
1
232
47
72
262
9
72
262
9
11
3
72
262
9
72
262
9
11
3
72
262
9
72
262
9
11
3
72
262
9
72
262
9
11
3
72
262
9
72
262
9
46
11
3
72
262
9
72
262
9
11
3
72
262
9
47
15
202
202
202
16
16
63
257
233
72
72
5
0
0
233
3
267
262
257
233
0
0
3
