59
35
35
35
14
3
0
35
202
35
28
28
202
202
202
202
202
28
28
202
202
35
202
3
3
233
3
247
35
202
35
0
202
202
202
202
202
202
35
202
202
202
202
202
35
202
202
202
202
35
202
202
202
28
28
28
28
202
202
35
202
202
202
24
202
202
202
35
28
28
202
202
202
202
202
28
28
28
28
202
202
35
202
63
202
202
24
202
202
202
35
28
28
202
35
202
202
202
202
24
202
202
202
35
28
28
202
35
202
202
202
202
24
202
202
202
35
28
28
202
202
202
202
12
12
158
218
273
13
13
14
97
89
12
12
21
2
308
3
202
28
28
202
202
35
202
202
202
28
28
202
202
35
202
202
202
24
202
202
202
35
28
28
35
202
202
202
202
202
24
202
202
202
35
28
28
202
202
254
254
254
7
202
202
254
254
7
202
24
202
202
202
35
28
28
202
202
202
202
204
257
0
3
202
28
28
202
202
35
202
202
202
28
28
202
202
35
202
202
9
0
257
262
0
16
16
16
16
16
16
16
16
16
16
16
16
16
16
16
16
3
186
286
232
202
28
28
202
202
35
202
9
9
9
202
9
9
9
202
28
28
202
202
35
202
202
202
24
202
202
202
35
28
28
202
202
202
202
202
24
202
202
202
35
28
28
202
202
202
202
202
28
28
202
202
35
202
14
202
202
24
202
202
202
35
28
28
202
202
202
202
131
131
14
186
13
13
13
13
13
13
13
13
13
13
13
13
13
13
13
13
13
13
13
13
13
13
13
13
13
202
24
202
202
202
35
3
257
233
233
35
5
3
257
233
35
233
1
35
257
233
233
74
35
202
24
202
202
202
35
3
262
264
202
35
202
202
202
24
202
202
202
35
74
202
35
202
202
202
24
202
202
202
35
3
262
257
202
35
202
233
233
217
202
35
202
217
3
262
202
35
202
35
35
35
262
35
262
257
233
233
217
35
217
3
262
35
35
35
262
262
257
35
233
233
217
217
35
3
262
35
35
35
35
35
35
35
35
35
35
35
35
35
35
35
35
35
35
35
35
35
35
35
35
35
35
35
35
35
35
35
35
35
35
35
35
281
35
35
35
35
35
35
35
35
35
35
35
35
281
28
28
202
202
35
202
281
35
281
28
28
202
257
233
281
202
72
72
0
0
0
233
3
257
233
233
0
0
3
257
233
281
72
72
0
0
0
233
3
281
257
233
281
72
72
0
0
0
233
3
257
233
233
0
0
3
257
233
281
72
72
0
202
0
0
233
3
257
233
281
72
72
0
0
0
233
3
257
233
233
0
0
3
257
233
281
72
72
0
0
0
233
3
257
233
281
72
72
0
0
0
233
3
257
233
233
0
0
3
257
233
281
72
72
0
0
0
233
3
35
257
233
281
72
72
0
0
0
233
3
262
257
233
233
5
3
257
233
233
1
1
1
257
233
233
74
202
24
202
202
202
35
3
257
233
35
233
5
0
35
3
257
35
233
233
35
1
35
1
1
35
1
257
35
233
233
74
35
202
35
202
202
24
202
202
202
35
3
262
257
35
233
233
217
35
217
3
262
35
35
35
35
35
35
262
257
233
35
233
5
0
0
3
35
35
262
257
233
233
35
5
0
0
0
35
0
3
262
262
262
35
262
257
233
233
293
35
233
72
72
233
281
35
72
72
72
72
72
72
35
293
39
14
14
56
35
13
13
13
13
13
13
35
13
13
13
13
13
13
13
35
13
13
13
13
13
13
13
13
35
13
13
13
13
13
13
13
13
13
35
13
13
13
13
13
13
13
35
13
13
13
13
13
35
13
13
13
13
13
13
13
35
13
13
13
13
13
13
13
14
35
33
33
33
