59
262
262
262
262
262
262
262
262
262
262
262
262
262
262
262
262
262
262
262
262
262
262
262
262
262
262
262
262
262
262
262
262
262
262
262
262
262
262
262
262
262
262
262
262
262
262
262
262
262
262
262
262
262
262
262
262
262
262
262
262
47
7
281
35
0
77
186
286
232
0
257
262
0
16
16
16
16
16
16
16
16
16
16
16
16
16
16
16
16
3
186
286
232
12
158
21
257
5
9
3
257
0
17
17
17
5
9
17
17
17
9
9
9
9
9
3
158
202
202
202
35
257
233
233
217
217
262
257
233
233
5
0
0
3
3
257
233
233
217
217
262
257
233
233
5
0
0
3
3
257
233
233
217
217
262
257
233
233
5
0
0
3
3
257
233
233
217
217
262
257
233
233
5
0
0
3
3
257
233
233
217
217
262
257
233
233
5
0
0
3
3
35
35
35
35
35
35
35
35
35
35
35
35
35
35
35
35
35
35
35
35
35
35
35
35
35
35
35
35
35
35
35
35
35
35
35
35
35
35
35
35
35
35
35
35
35
35
35
35
35
35
35
35
257
233
35
233
1
257
233
233
74
10
10
10
11
35
202
35
202
202
202
3
262
264
74
202
35
202
202
102
104
39
13
107
12
12
110
202
3
281
35
35
35
35
35
35
35
35
35
35
35
35
35
35
35
35
35
35
35
35
35
35
35
35
35
35
35
35
35
35
35
35
35
35
35
35
35
35
35
35
35
35
35
35
35
35
35
257
35
233
233
35
1
35
202
35
281
28
28
202
202
35
202
202
202
202
202
24
202
202
202
35
257
233
233
74
35
202
35
202
79
202
257
72
3
72
107
108
13
13
13
13
13
13
0
4
4
4
4
4
4
202
202
202
35
28
28
202
202
202
202
202
202
35
202
202
22
56
3
4
4
4
4
202
24
202
202
202
35
3
262
264
35
202
202
35
202
202
28
28
202
202
202
202
202
202
202
35
74
35
202
35
202
56
202
3
3
61
3
33
3
