59
12
158
9
21
257
4
257
4
257
4
257
4
257
4
257
4
257
4
257
4
257
4
257
4
257
4
257
4
257
4
257
4
257
4
257
0
5
9
9
9
9
3
257
257
257
4
257
4
257
4
257
4
257
4
257
4
257
4
257
4
257
4
257
4
257
4
257
4
257
4
257
4
257
4
257
4
257
5
9
3
257
0
17
5
17
9
9
9
9
9
3
257
257
257
257
257
0
17
17
17
5
17
17
17
9
9
9
9
9
3
257
257
0
5
9
10
9
9
9
3
257
257
257
257
257
0
5
9
10
9
9
9
3
257
257
257
257
257
0
5
9
9
9
9
3
9
257
257
0
5
9
9
9
9
3
257
257
257
257
257
0
5
9
10
9
9
9
3
257
257
257
257
257
0
5
9
9
9
9
3
9
158
10
10
10
10
10
10
10
10
10
10
10
11
218
273
13
13
14
302
12
12
257
257
257
257
257
257
257
257
21
21
89
4
257
0
0
3
318
21
21
89
4
257
0
0
3
318
21
21
89
4
257
5
217
217
21
21
89
4
257
0
0
3
318
21
21
89
4
257
0
0
3
318
21
21
89
4
257
0
0
3
318
21
21
89
4
257
0
0
3
318
12
12
21
21
89
4
1
0
1
1
7
0
7
257
0
0
3
318
21
21
89
4
257
0
0
3
318
21
21
89
4
257
0
0
3
318
21
21
89
4
257
0
0
3
318
21
21
89
4
257
0
0
3
318
21
21
89
4
257
0
0
3
318
21
21
89
4
257
0
0
3
318
21
21
89
4
257
0
0
0
3
318
21
21
89
4
257
0
0
0
3
318
21
21
21
89
4
257
0
0
3
318
21
21
89
4
257
0
0
3
318
21
21
89
4
257
0
0
3
318
12
12
21
21
89
4
257
0
0
3
318
21
21
89
4
257
0
0
3
318
21
21
21
21
21
21
89
4
257
0
0
3
318
21
21
21
21
89
4
257
0
0
3
318
21
21
89
4
257
0
0
3
318
21
21
89
4
257
0
0
3
318
21
21
89
4
257
0
0
3
318
21
21
89
4
257
0
0
3
318
21
21
89
4
257
0
0
3
318
21
21
89
4
257
0
0
3
318
21
21
89
4
257
0
0
3
318
21
21
89
4
257
0
0
3
318
21
21
89
4
257
0
0
3
318
21
21
21
21
21
21
21
21
21
21
21
21
21
21
21
21
21
21
21
21
21
21
21
21
89
4
257
0
0
3
318
21
21
89
4
257
0
0
3
318
21
21
89
4
257
0
0
3
318
21
21
89
4
257
0
0
3
318
21
21
89
4
257
0
0
3
318
21
21
89
4
257
0
0
3
318
21
21
89
4
257
0
0
3
318
21
21
89
4
257
0
0
3
318
21
21
89
4
257
0
0
3
318
21
21
89
4
257
0
0
3
318
21
21
89
4
257
0
0
3
318
21
21
89
4
257
0
0
3
318
21
21
89
4
257
0
0
0
3
318
21
21
89
4
257
0
0
3
318
21
21
89
4
257
0
0
3
318
21
21
89
4
257
0
0
3
318
21
21
89
4
257
0
0
3
318
21
21
89
4
257
0
0
3
318
21
21
89
4
257
0
0
3
318
21
21
89
4
257
0
0
3
318
21
21
89
4
257
0
0
3
318
21
21
89
4
257
0
0
3
318
21
21
89
4
257
0
0
3
318
21
21
89
4
257
0
0
3
318
21
21
89
4
257
0
0
3
318
21
21
89
4
257
0
0
3
318
21
21
89
4
257
0
0
3
318
21
21
89
4
257
0
0
3
318
21
21
89
4
257
0
0
3
318
21
21
89
4
257
0
0
3
318
21
21
89
4
257
0
0
3
318
21
21
89
4
257
0
0
3
318
12
12
21
21
89
4
257
0
0
3
318
21
21
89
4
257
0
0
3
318
21
21
89
4
257
0
0
3
318
21
21
89
4
257
0
0
3
318
21
21
89
4
257
0
0
3
318
21
21
89
4
257
0
0
3
318
21
21
89
4
257
0
0
3
318
21
21
89
4
257
0
0
3
318
21
21
89
4
257
0
0
3
318
21
21
21
89
4
257
0
0
3
318
21
21
89
4
257
0
0
3
318
21
21
21
21
21
21
89
4
257
0
0
3
318
21
21
89
4
257
0
0
3
318
3
21
21
21
21
89
4
257
5
217
217
21
21
89
21
21
89
4
257
0
0
3
318
21
21
89
4
257
0
0
3
318
21
21
89
4
257
0
0
3
318
21
21
89
4
257
0
0
3
318
21
21
89
21
21
89
4
257
0
0
3
318
21
21
89
21
21
89
4
257
0
0
3
318
21
21
89
4
257
0
0
3
318
21
21
89
4
257
0
0
3
318
21
21
89
4
257
0
0
3
318
21
21
89
4
257
0
0
3
318
21
21
89
21
21
89
4
257
0
0
3
318
21
21
89
4
257
0
0
3
318
21
21
89
21
21
89
21
21
89
21
21
89
21
21
89
21
21
89
21
21
89
21
21
89
4
257
0
0
3
318
21
21
89
21
21
89
4
257
0
0
3
318
21
21
89
21
21
89
21
21
89
21
21
89
21
21
89
21
21
89
21
21
89
21
21
89
4
257
0
0
3
318
21
21
89
21
21
89
21
21
89
21
21
89
21
21
89
21
21
89
21
21
89
21
21
89
21
21
89
21
21
89
21
21
89
21
21
89
21
21
89
21
21
89
21
21
89
21
21
89
21
21
89
21
21
89
21
21
89
21
21
89
21
21
89
21
21
89
21
21
89
21
21
89
4
257
0
0
3
318
21
21
89
21
21
89
21
21
89
21
21
89
21
21
89
21
21
89
21
21
89
21
21
89
21
21
89
21
21
89
21
21
89
21
21
89
21
21
89
4
257
0
0
3
318
21
21
89
21
21
89
21
21
89
21
21
89
21
21
89
21
21
89
21
21
89
21
21
89
21
21
89
21
21
89
21
21
89
21
21
89
21
21
89
21
21
89
21
21
89
21
21
89
4
257
0
0
3
318
21
21
89
21
21
89
4
257
0
0
3
318
21
21
89
21
21
89
21
21
89
3
21
257
0
3
4
257
138
3
257
5
138
0
11
257
72
5
9
3
0
257
262
0
16
16
16
16
16
16
16
16
16
16
16
16
16
16
16
16
3
186
286
232
11
257
72
5
9
3
11
257
72
5
9
3
11
4
257
72
5
9
3
11
257
72
5
9
3
11
4
257
72
5
9
3
11
257
72
5
9
3
11
4
257
72
5
9
3
11
257
72
5
9
3
11
4
257
72
5
9
3
11
257
72
5
9
3
11
4
257
72
5
9
3
11
257
72
5
9
3
11
4
257
72
5
9
3
11
257
72
5
9
3
11
4
257
72
5
9
3
11
257
72
5
9
3
11
4
257
72
5
9
3
11
257
72
5
9
3
11
4
257
72
5
9
3
11
257
72
5
9
3
11
4
257
72
5
9
3
11
257
72
5
9
3
11
4
257
72
5
9
3
11
257
72
5
9
3
11
4
257
72
5
9
3
11
257
72
5
9
3
11
3
21
39
257
72
39
5
1
3
86
87
87
257
1
3
82
87
39
72
3
4
257
138
3
257
5
0
3
1
202
0
0
281
281
35
4
21
4
257
138
202
3
257
39
72
257
5
217
217
4
257
72
5
9
3
202
24
202
202
202
35
3
202
202
202
24
202
202
202
35
202
257
233
233
217
217
262
257
233
233
5
0
0
3
3
257
233
233
217
217
262
257
233
233
5
0
0
3
3
257
233
233
217
217
262
257
233
233
5
0
0
3
3
257
233
233
217
217
262
257
233
233
5
0
0
35
3
35
3
35
257
233
35
233
217
217
262
35
257
233
233
35
5
0
0
3
35
3
35
35
35
35
35
202
35
35
35
35
35
35
35
35
35
35
35
35
35
35
35
35
35
35
35
35
35
35
35
35
35
35
35
35
35
35
35
35
35
35
35
35
35
35
35
35
35
35
35
257
233
233
1
35
257
233
233
74
202
35
202
202
270
1
231
