59
35
202
35
35
12
158
21
257
5
9
3
257
0
5
9
9
9
9
9
3
257
0
5
9
9
9
9
3
257
0
17
17
17
5
17
17
17
9
9
9
9
9
3
9
158
10
10
10
10
10
11
257
16
12
12
257
257
257
257
257
257
257
257
102
104
107
108
270
14
16
99
13
13
13
13
13
13
13
13
13
13
13
13
14
13
63
79
39
110
41
42
3
41
42
3
257
5
0
0
3
257
5
9
3
257
0
5
9
9
9
9
9
3
10
11
257
8
5
0
3
39
111
16
13
16
302
14
257
4
16
8
0
8
302
72
33
3
72
72
5
8
0
4
4
4
4
4
4
4
4
4
4
4
4
107
108
102
104
21
4
107
108
102
104
21
4
4
107
108
102
104
21
4
107
108
102
104
21
14
8
56
14
14
14
14
13
61
39
3
14
13
13
13
13
13
13
257
33
3
4
269
137
39
257
91
72
32
72
5
1
3
257
3
87
91
33
3
