59
14
3
3
3
12
0
3
7
12
158
9
21
257
262
9
3
257
0
262
9
10
9
9
9
9
3
257
0
17
17
17
262
17
9
9
9
9
9
3
257
0
262
9
9
9
9
3
9
158
218
273
334
10
10
10
10
10
302
11
137
137
318
12
12
257
262
0
0
3
21
257
262
9
3
16
95
257
262
217
217
3
257
262
0
0
3
102
106
262
1
0
7
257
262
0
0
3
257
257
257
262
9
3
257
231
59
12
158
9
21
257
262
9
3
257
0
262
9
10
9
9
9
9
3
257
0
17
17
17
262
17
9
9
9
9
9
3
257
0
262
9
9
9
9
3
9
158
218
273
334
10
10
10
10
10
302
11
137
137
318
12
12
257
262
0
0
3
21
257
262
9
3
16
95
257
262
217
217
3
257
262
0
0
3
102
106
257
262
0
0
3
262
1
0
257
262
0
0
3
257
257
257
262
9
3
257
231
59
12
158
9
21
257
262
9
3
257
0
262
9
10
9
9
9
9
3
257
0
17
17
17
262
17
9
9
9
9
9
3
257
0
262
9
9
9
9
3
9
158
218
273
334
10
10
10
10
10
302
11
137
137
318
12
12
257
262
0
0
3
21
257
262
9
3
16
95
257
262
217
217
3
257
262
0
0
3
102
106
257
262
0
0
3
262
1
0
257
262
0
0
3
257
257
257
262
9
3
257
231
59
12
158
9
21
257
262
9
3
257
0
262
9
10
9
9
9
9
3
257
0
17
17
17
262
17
9
9
9
9
9
3
257
0
262
9
9
9
9
3
9
158
218
273
334
10
10
10
10
10
302
11
137
137
318
12
12
257
262
0
0
3
21
257
262
9
3
16
95
257
262
217
217
3
257
262
0
0
3
102
106
257
262
0
0
3
262
1
0
257
262
0
0
3
257
257
257
262
9
3
257
231
59
12
158
9
21
257
262
9
3
257
0
262
9
10
9
9
9
9
3
257
0
17
17
17
262
17
9
9
9
9
9
3
257
0
262
9
9
9
9
3
9
158
218
273
334
10
10
10
10
10
302
11
137
137
318
12
12
257
262
0
0
3
21
257
262
9
3
16
95
257
262
217
217
3
257
262
0
0
3
102
106
257
262
0
0
3
262
1
0
257
262
0
0
3
257
257
257
262
9
3
257
231
59
12
158
9
21
257
262
9
3
257
0
262
9
10
9
9
9
9
3
257
0
17
17
17
262
17
9
9
9
9
9
3
257
0
262
9
9
9
9
3
9
158
218
273
334
10
10
10
10
10
302
11
137
137
318
12
12
257
262
0
0
3
21
257
262
9
3
16
95
257
262
217
217
3
257
262
0
0
3
102
106
257
262
0
0
3
262
1
0
257
262
0
0
3
257
257
257
262
9
3
257
231
