59
12
158
9
21
257
262
9
3
257
0
17
17
17
262
17
9
9
9
9
9
3
9
158
218
273
334
10
10
10
302
11
318
12
12
257
262
9
3
257
80
95
288
55
54
48
233
186
232
47
262
262
95
257
95
72
262
1
82
233
3
186
232
46
233
186
232
47
257
262
0
16
0
3
312
312
312
312
312
312
312
312
312
312
312
312
312
312
312
312
312
312
312
312
312
312
312
312
312
312
312
312
312
312
312
312
312
312
312
312
312
312
312
312
312
312
312
312
312
312
312
312
312
312
312
312
312
312
312
312
312
312
312
312
312
312
312
312
312
312
312
312
312
312
312
312
312
312
312
312
312
312
312
312
312
312
312
312
312
312
312
312
312
312
312
312
312
312
312
233
186
232
14
3
257
39
257
262
262
0
8
0
3
39
41
42
44
16
47
62
62
62
62
62
62
62
62
62
62
62
62
62
62
62
62
62
62
62
62
62
62
62
62
62
62
62
62
62
257
262
0
16
0
3
267
257
262
0
3
257
262
0
3
257
0
3
257
262
0
0
3
257
262
0
0
3
257
262
0
16
0
3
267
267
257
267
267
46
47
202
202
202
202
1
202
7
257
186
232
81
257
80
262
0
0
3
3
257
72
104
102
93
91
0
3
257
72
104
102
93
91
0
3
257
72
104
102
93
91
0
3
14
13
13
13
39
44
16
47
46
257
186
232
47
202
202
202
202
1
202
7
231
