59
35
202
262
262
35
262
262
262
35
262
262
262
262
262
35
262
262
35
262
262
262
35
262
262
262
262
35
14
61
202
35
202
202
28
28
202
202
202
202
35
202
262
262
35
262
262
262
12
158
9
21
257
262
9
3
257
0
262
9
10
9
9
9
3
257
0
262
9
9
9
9
3
257
0
262
9
9
9
9
9
3
257
0
262
9
9
9
9
3
257
0
17
17
17
262
17
9
9
9
9
9
3
257
0
262
9
9
10
9
9
9
3
257
0
262
9
9
9
9
3
257
0
262
9
9
9
9
3
257
0
262
9
10
9
9
9
3
257
0
262
9
9
9
9
3
257
0
262
9
10
9
9
9
3
257
0
262
9
10
9
9
9
9
3
257
0
262
9
9
10
9
9
9
9
3
257
0
262
9
9
9
9
3
257
0
262
9
9
9
9
3
257
0
262
9
202
35
262
262
262
35
262
262
262
262
35
257
233
233
35
217
217
3
35
262
262
262
35
262
262
262
262
35
262
262
262
35
262
262
262
35
262
262
262
262
35
262
262
262
35
262
262
262
262
262
35
262
262
262
262
35
262
262
262
35
262
257
233
233
35
217
217
3
35
262
262
262
35
262
262
262
35
262
262
262
35
262
262
262
35
262
262
262
35
262
262
262
35
262
262
262
262
35
262
262
35
262
262
262
262
262
262
35
262
262
262
257
35
233
233
217
35
217
3
262
35
262
262
262
35
262
262
9
9
9
3
257
0
262
9
9
9
9
3
9
9
9
158
218
273
334
10
10
10
10
10
10
10
10
10
10
10
10
10
10
35
262
262
35
262
262
262
35
262
262
35
262
262
262
35
262
262
262
35
262
262
262
35
262
262
262
35
262
262
35
262
262
262
262
35
262
262
257
35
233
233
217
35
217
3
262
35
262
262
262
10
10
10
10
9
10
302
11
318
12
12
157
157
157
157
157
157
202
257
257
262
9
3
257
262
9
3
202
262
262
12
257
262
217
217
3
257
0
0
0
3
257
0
0
0
3
257
0
0
0
3
257
35
202
28
28
202
262
262
262
262
262
262
262
262
262
262
262
262
262
262
262
262
262
262
262
262
262
262
262
262
262
262
262
262
262
257
233
233
217
217
3
262
262
262
262
262
262
262
262
262
262
262
262
262
262
262
262
262
262
262
262
262
262
262
262
262
262
262
262
262
262
262
262
262
257
233
233
217
217
3
262
262
262
262
262
262
262
262
262
262
262
262
262
262
262
262
262
262
262
262
262
262
262
262
262
262
262
262
262
262
262
262
262
257
233
233
217
217
3
262
262
262
262
262
262
262
262
262
262
262
262
262
262
262
262
262
262
262
262
262
262
262
262
262
262
262
262
262
262
262
262
262
257
233
233
217
217
3
262
262
262
262
262
262
262
262
262
262
262
262
262
262
262
262
262
262
262
262
262
262
262
262
262
262
262
262
262
262
262
262
262
257
233
233
217
217
3
262
262
262
262
262
262
262
262
262
262
262
0
0
0
3
257
0
0
0
3
257
0
0
0
3
257
0
0
0
3
257
0
0
0
3
257
0
0
0
3
257
0
0
0
3
257
0
0
0
3
257
0
0
0
3
257
0
0
0
3
257
0
0
0
3
257
0
0
0
0
3
257
0
0
0
3
257
0
0
0
3
257
0
0
0
3
257
0
0
0
3
262
257
262
0
0
3
257
257
257
262
9
3
257
262
262
262
257
0
0
262
257
0
12
0
3
3
13
16
13
16
16
257
72
72
257
72
72
257
262
217
217
3
262
257
0
0
257
262
217
217
3
293
56
3
72
262
0
35
202
262
262
35
262
262
262
35
262
262
262
35
262
262
262
35
262
262
262
35
262
262
262
262
262
35
262
262
262
257
233
233
217
35
217
3
262
262
262
262
262
262
262
262
262
262
35
262
262
262
262
262
262
262
262
262
262
262
262
262
262
262
262
262
262
262
262
35
262
262
262
257
233
233
217
217
3
262
262
262
262
262
262
262
262
262
262
262
262
262
262
262
262
262
262
262
262
262
262
262
262
262
262
262
262
262
35
262
262
262
262
257
233
233
217
217
3
262
262
262
262
262
262
262
262
262
262
262
262
262
262
262
262
262
262
262
262
262
262
262
262
262
262
262
262
262
262
262
262
262
257
233
233
217
217
3
262
262
262
262
262
262
262
262
262
262
262
262
262
262
262
262
262
262
262
262
262
262
262
262
262
262
262
262
262
262
262
262
262
257
233
233
217
273
13
13
13
13
13
13
257
262
217
72
72
72
72
72
72
72
217
3
257
33
3
33
33
