59
12
158
9
21
257
262
9
3
257
0
3
262
262
257
233
233
217
217
3
267
267
267
267
267
267
257
233
233
1
257
233
233
74
17
17
17
262
17
9
9
9
9
9
3
9
158
218
273
334
10
10
10
302
11
318
12
12
257
262
9
3
257
262
262
0
8
0
3
262
1
0
3
3
61
3
231
59
12
158
9
21
257
262
9
3
257
0
17
17
17
262
17
9
9
9
9
9
3
9
158
218
273
334
35
257
233
233
1
257
233
233
74
202
10
10
10
302
11
318
12
12
257
262
9
3
257
262
262
0
8
0
3
262
1
0
3
3
61
3
231
59
12
158
9
21
257
262
9
3
257
0
17
17
17
262
17
9
9
9
9
9
3
9
158
218
273
334
10
10
10
302
11
318
12
12
257
262
9
3
262
257
262
262
0
8
0
3
262
1
0
3
3
61
3
231
59
12
158
9
21
257
262
9
3
257
0
17
17
17
262
17
9
9
9
9
9
3
9
158
218
273
334
10
10
10
302
11
318
12
12
257
262
9
3
257
262
262
0
8
0
3
257
262
0
0
3
257
257
257
262
9
3
257
262
9
3
262
262
262
1
0
3
3
61
3
0
0
232
202
202
202
35
28
28
202
202
202
202
35
202
4
4
4
4
202
4
4
4
4
4
4
4
4
4
4
4
4
4
4
4
4
4
4
4
4
4
4
4
4
4
4
202
202
202
35
28
28
202
202
202
202
35
202
4
4
4
4
4
202
4
4
4
4
4
4
4
4
4
4
4
4
4
4
4
4
4
4
4
4
4
4
4
4
4
4
4
4
4
4
4
4
4
3
3
4
4
2
138
3
2
5
138
0
2
5
78
78
4
4
4
4
4
4
4
4
4
4
4
4
4
4
4
4
4
3
3
4
4
2
138
3
2
5
138
0
2
5
78
78
4
3
3
4
4
2
138
3
2
5
138
0
2
5
78
78
4
4
4
4
4
4
4
4
4
4
4
4
3
3
4
4
2
138
3
2
5
138
0
231
59
12
158
9
21
257
262
9
3
257
0
17
17
17
262
17
9
9
9
9
9
3
9
158
218
273
334
10
10
10
302
11
318
12
12
257
262
9
3
257
262
262
0
8
0
3
262
1
0
3
3
61
3
231
59
12
158
9
21
257
262
9
3
257
0
17
17
17
262
17
9
9
9
9
9
3
9
158
218
273
334
10
10
10
302
11
318
12
12
257
262
9
3
257
262
262
0
8
0
3
257
262
0
0
3
257
257
257
262
9
3
257
262
9
3
262
262
262
1
0
3
3
61
3
0
0
232
231
