59
12
158
9
21
257
262
9
3
257
0
262
9
9
9
9
3
257
0
17
17
17
262
17
9
9
9
9
9
3
9
158
218
273
334
10
10
10
10
302
11
318
12
12
257
262
9
3
257
262
9
3
202
257
262
0
0
3
257
257
257
257
257
9
8
0
9
21
257
262
9
3
257
0
17
17
17
262
17
9
9
9
9
9
3
9
158
218
273
334
10
10
10
302
11
318
12
12
257
262
9
3
221
262
0
0
3
11
131
13
13
262
12
257
262
0
262
0
3
1
262
0
3
8
3
1
0
0
0
0
0
0
0
0
0
0
0
0
0
0
0
0
0
0
0
0
0
0
0
0
0
0
0
0
0
0
0
0
0
0
0
0
0
0
0
0
0
0
0
0
0
0
0
0
0
0
0
0
0
0
0
0
0
0
0
0
0
0
0
0
0
0
0
0
0
0
0
0
0
0
0
0
0
0
0
0
0
0
0
0
0
0
0
0
0
0
0
0
0
0
0
0
0
0
0
0
0
0
0
202
202
0
0
0
0
1
0
231
59
12
158
9
21
257
262
9
3
257
0
262
9
9
9
9
3
257
0
17
17
17
262
17
9
9
9
9
9
3
9
158
218
273
334
10
10
10
10
302
11
318
12
12
257
262
9
3
257
262
9
3
202
257
262
0
0
3
257
257
257
257
257
9
8
0
0
3
11
131
13
13
262
12
257
1
1
257
257
257
257
1
1
257
1
1
1
1
3
3
0
0
232
257
0
17
17
17
262
17
9
9
9
9
9
3
9
158
218
273
334
10
10
10
302
11
318
12
12
257
262
9
3
231
59
12
158
9
21
257
262
9
3
257
0
262
9
9
9
9
3
257
0
17
17
17
262
17
9
9
9
9
9
3
9
158
218
273
334
10
10
10
10
302
11
202
202
318
12
12
257
262
9
3
257
262
9
3
202
257
262
0
0
3
257
257
257
257
257
9
8
0
0
3
11
131
13
13
262
12
257
1
1
257
257
257
257
1
1
257
1
1
1
1
3
3
3
3
231
59
12
158
9
21
257
262
9
3
257
0
262
9
9
9
9
3
257
0
17
17
17
262
17
9
9
9
9
9
3
9
158
218
273
334
10
10
10
10
302
11
318
12
12
257
262
9
3
257
262
9
3
202
257
262
0
0
3
257
257
257
257
257
9
8
0
0
3
11
131
13
13
262
12
257
1
1
257
257
257
257
1
1
257
1
1
1
1
3
3
3
3
231
59
12
158
9
21
257
262
9
3
257
0
262
9
9
9
9
3
257
0
17
17
17
262
17
9
9
9
9
9
3
9
158
218
273
334
10
10
10
10
302
11
318
12
12
257
262
9
3
257
262
9
3
202
257
262
0
0
3
257
257
257
257
257
9
8
0
0
3
11
131
13
13
262
12
257
1
1
257
257
257
257
1
1
257
1
1
1
1
3
3
202
202
3
3
231
59
12
158
9
21
257
262
9
3
257
0
262
9
9
9
9
3
257
0
17
17
17
262
17
9
9
9
9
9
3
9
158
218
273
334
10
10
10
10
302
11
318
12
12
257
262
9
3
257
262
9
3
202
257
262
0
0
3
257
257
257
257
257
9
8
0
0
3
11
131
13
13
262
12
257
1
1
257
257
257
257
1
1
257
1
1
1
1
3
3
0
0
232
257
257
257
262
9
3
257
262
9
3
0
3
3
3
231
59
12
158
9
21
257
262
9
3
257
0
262
9
9
9
9
3
257
0
17
17
17
262
17
9
9
9
9
9
3
9
158
218
273
334
10
10
10
10
302
11
318
12
12
257
262
9
3
257
262
9
3
202
257
262
0
0
3
257
257
257
257
257
9
8
0
0
3
11
131
13
13
262
12
257
1
1
257
257
257
257
1
1
257
1
1
1
1
3
3
3
3
231
59
12
158
9
21
257
262
9
3
257
0
262
9
9
9
9
3
257
0
17
17
17
262
17
9
9
9
9
9
3
9
158
218
273
334
10
10
10
10
302
11
318
12
12
257
262
9
3
257
262
9
3
202
257
262
0
0
3
257
257
257
257
257
9
8
0
0
3
11
131
13
13
262
12
257
1
1
257
257
257
257
1
1
257
1
1
1
1
3
3
3
3
231
59
12
158
9
21
257
262
9
3
257
0
262
9
9
9
9
3
257
0
17
17
17
262
17
9
9
9
9
9
3
9
158
218
273
334
10
10
10
10
302
11
318
12
12
257
262
9
3
257
262
9
3
202
257
262
0
0
3
257
257
257
257
257
9
8
0
0
3
11
131
13
13
262
12
257
262
0
262
0
3
257
262
0
0
3
1
8
262
262
3
1
3
3
231
