59
12
158
9
21
257
262
257
262
257
262
257
262
257
262
257
262
257
262
257
262
257
262
257
262
257
262
9
3
257
0
262
9
9
9
9
3
257
257
0
262
9
10
9
9
9
9
3
257
257
0
262
9
9
9
9
3
257
257
0
262
9
10
9
9
9
3
257
257
0
262
9
9
9
9
3
257
257
0
262
9
9
10
9
9
9
3
257
257
0
262
9
10
9
9
9
9
3
257
257
0
17
17
17
262
17
9
9
9
9
9
3
257
0
262
9
9
9
9
3
257
0
262
9
9
9
9
3
9
9
158
218
273
334
10
10
10
10
10
10
10
10
10
10
10
10
302
11
318
12
12
137
137
257
262
0
0
3
21
157
157
157
157
157
157
257
262
9
3
39
262
302
13
262
262
439
107
41
55
54
55
54
55
54
55
54
42
288
55
72
72
262
55
54
55
54
55
54
55
54
55
55
55
262
55
51
47
233
186
233
232
55
55
55
262
55
51
46
47
186
233
232
46
186
233
232
55
47
46
186
232
47
47
262
46
186
232
47
47
3
47
186
233
286
232
0
233
3
186
286
232
231
59
12
158
9
21
257
262
257
262
257
262
257
262
257
262
257
262
257
262
257
262
257
262
257
262
257
262
9
3
257
0
262
9
9
9
9
3
257
257
0
262
9
10
9
9
9
9
3
257
257
0
262
9
9
9
9
3
257
257
0
262
9
10
9
9
9
3
257
257
0
262
9
9
9
9
3
257
257
0
262
9
9
10
9
9
9
3
257
257
0
262
9
10
9
9
9
9
3
257
257
0
17
17
17
262
17
9
9
9
9
9
3
257
0
262
9
9
9
9
3
257
0
262
9
9
9
9
3
9
9
158
218
273
334
10
10
10
10
10
10
10
10
10
10
10
10
302
11
318
12
12
137
137
257
262
0
0
3
21
157
157
157
157
157
157
257
262
9
3
39
262
302
13
262
262
439
107
41
55
54
55
54
55
54
55
54
42
288
55
72
72
262
55
54
55
54
55
54
55
54
55
55
55
262
55
51
47
233
186
233
232
55
55
55
262
55
51
46
47
186
233
232
46
186
233
232
55
47
46
186
232
47
47
262
46
186
232
47
47
3
47
186
233
286
232
0
233
3
186
286
232
231
59
12
158
9
21
257
262
257
262
257
262
257
262
257
262
257
262
257
262
257
262
257
262
257
262
257
262
9
3
257
0
262
9
9
9
9
3
257
257
0
262
9
10
9
9
9
9
3
257
257
0
262
9
9
9
9
3
257
257
0
262
9
10
9
9
9
3
257
257
0
262
9
9
9
9
3
257
257
0
262
9
9
10
9
9
9
3
257
257
0
262
9
10
9
9
9
9
3
257
257
0
17
17
17
262
17
9
9
9
9
9
3
257
0
262
9
9
9
9
3
257
0
262
9
9
9
9
3
9
9
158
218
273
334
10
10
10
10
10
10
10
10
10
10
10
10
302
11
318
12
12
137
137
257
262
0
0
3
21
157
157
157
157
157
157
257
262
9
3
39
262
302
13
262
262
439
107
41
55
54
55
54
55
54
55
54
42
288
55
72
72
262
55
54
55
54
55
54
55
54
55
55
55
262
55
51
47
233
186
233
232
55
55
55
262
55
51
46
47
186
233
232
46
186
233
232
55
47
46
47
271
186
232
47
47
262
262
262
262
262
262
262
262
262
262
262
262
262
262
46
186
232
47
47
3
231
