59
12
158
9
21
257
262
9
3
257
0
262
9
9
9
9
3
257
0
262
9
9
9
9
3
257
0
262
9
9
9
9
9
3
257
0
262
9
9
9
9
3
257
0
262
9
10
9
9
9
9
3
257
0
262
9
10
9
9
9
3
9
257
0
262
9
9
9
9
9
3
257
0
262
9
10
9
9
9
3
257
0
262
9
9
9
9
3
257
0
17
17
17
262
17
9
9
9
9
9
3
257
0
262
9
9
9
9
3
257
0
262
9
9
9
9
3
257
0
262
9
9
9
9
9
3
257
0
262
9
9
9
9
3
257
0
262
9
9
9
9
3
257
0
262
9
9
9
9
3
257
0
262
9
10
9
9
9
3
257
0
262
9
10
9
9
9
3
257
0
262
9
9
10
9
9
9
9
3
257
0
262
9
10
9
9
9
3
257
0
262
9
9
9
9
3
257
0
262
9
9
9
9
3
257
0
262
9
9
9
9
3
257
0
262
9
9
9
9
3
9
257
0
262
9
10
9
9
9
3
257
0
262
9
10
9
9
9
3
257
0
262
9
9
9
9
3
257
0
262
9
9
9
9
3
257
0
262
9
9
9
9
9
3
257
0
262
9
10
9
9
9
3
257
0
262
9
9
10
9
9
9
9
3
257
0
262
9
10
9
9
9
3
257
0
262
9
9
9
9
3
257
0
262
9
9
9
9
3
257
0
262
9
9
9
9
3
257
0
262
9
9
9
9
9
3
257
0
262
9
9
9
9
3
257
0
262
9
10
9
9
9
3
257
0
262
9
10
9
9
9
3
257
0
262
9
10
9
9
9
3
257
0
262
9
9
10
9
9
9
3
257
0
262
9
9
9
9
3
257
0
262
9
10
9
9
9
9
3
257
0
262
9
10
9
9
9
3
257
0
262
9
9
9
9
3
257
0
262
9
9
9
9
9
3
257
0
262
9
10
9
9
9
3
257
0
262
9
9
9
9
3
257
0
262
9
9
9
9
9
3
257
0
262
9
9
9
9
3
257
0
262
9
9
10
9
9
9
3
257
0
262
9
10
9
9
9
3
257
0
262
9
10
9
9
9
9
3
257
0
262
9
9
9
9
3
257
0
262
9
10
9
9
9
3
257
0
262
9
9
9
9
3
9
257
0
262
9
9
9
9
3
257
0
262
9
10
9
9
9
3
257
0
262
9
9
9
9
9
3
257
0
262
9
9
9
9
3
257
0
262
9
9
9
9
9
3
9
257
0
262
9
9
9
9
3
257
0
262
9
9
9
9
9
3
257
0
262
9
9
9
9
3
9
9
9
9
9
158
218
273
334
10
10
10
9
10
10
10
10
10
10
10
10
10
10
10
10
10
10
10
10
10
10
10
10
10
10
10
10
10
10
10
10
10
10
10
10
10
10
10
10
10
10
10
10
10
10
10
10
10
10
10
10
10
10
10
10
10
10
10
10
10
10
10
10
10
10
10
302
11
318
12
12
12
318
262
137
137
257
262
0
0
3
21
202
202
202
257
262
9
3
202
290
1
202
257
262
0
0
3
257
257
257
257
202
14
290
1
13
14
9
10
14
435
14
14
202
13
12
16
202
202
202
202
202
202
202
202
202
202
202
202
202
202
202
202
202
202
257
262
262
257
262
0
3
217
202
262
262
262
262
262
262
262
217
3
202
202
202
21
202
202
202
202
202
202
202
202
202
202
202
202
202
202
202
202
202
202
202
202
202
202
202
202
202
262
257
0
262
9
9
9
9
3
10
257
257
257
257
11
262
257
0
262
9
9
9
9
3
10
11
262
257
0
262
9
9
9
9
3
257
262
9
3
257
0
262
9
10
9
9
9
3
10
10
202
202
11
11
11
262
257
0
262
9
9
9
9
3
10
202
202
202
257
257
257
262
9
3
257
202
262
257
0
262
9
9
9
9
3
10
202
202
290
1
202
202
202
202
257
262
9
3
257
257
41
42
3
41
42
3
262
262
257
262
0
0
262
3
257
262
8
0
0
3
257
262
9
3
257
0
262
9
9
9
9
3
10
11
14
202
257
262
217
41
42
288
55
233
186
233
232
45
186
232
334
273
14
9
11
11
10
157
7
0
7
39
291
283
233
233
186
202
217
3
233
257
0
0
3
286
232
283
3
44
45
186
233
232
186
232
72
47
46
3
72
186
233
232
44
186
233
232
45
186
232
233
232
9
45
233
232
232
233
3
45
186
233
232
186
232
233
3
186
232
11
3
3
14
102
202
257
202
202
262
257
0
262
9
9
9
9
3
10
202
102
257
83
257
257
257
257
202
202
83
21
83
52
202
16
39
257
262
262
0
8
0
3
1
3
257
202
186
315
314
1
202
202
0
202
7
202
202
202
202
202
202
202
202
202
202
202
202
202
202
202
202
202
202
202
290
1
9
10
14
435
14
202
202
83
21
83
16
39
262
1
3
257
83
21
83
16
39
262
1
3
257
83
21
83
16
39
262
1
3
257
83
21
83
16
39
262
1
3
257
262
257
0
262
9
9
9
9
3
257
262
9
3
257
0
262
9
10
9
9
9
3
10
10
11
257
262
12
217
217
3
262
257
0
262
9
10
9
9
9
3
10
11
262
257
0
262
9
9
9
9
3
257
262
9
3
257
0
262
9
10
9
9
9
3
257
0
262
9
10
9
9
9
9
3
257
0
262
9
9
9
9
3
257
0
262
9
10
9
9
9
9
3
10
10
10
10
10
157
157
157
157
157
157
11
257
262
217
217
3
262
257
0
262
9
10
9
9
9
3
10
11
262
202
202
202
202
202
202
202
202
13
202
202
202
202
202
202
9
10
14
435
14
7
0
7
334
273
14
157
9
11
10
7
0
262
257
262
0
3
202
83
21
83
16
39
262
1
3
257
202
83
21
83
16
39
262
1
3
257
202
83
21
83
16
39
262
1
3
257
202
83
21
83
16
39
262
1
3
257
202
83
21
83
16
39
262
1
3
257
202
202
202
202
202
7
334
273
14
186
314
157
9
10
202
202
202
202
202
202
202
202
202
202
202
202
202
202
202
202
202
202
202
202
202
202
41
72
72
202
202
202
202
42
288
72
72
51
233
233
232
202
202
202
202
202
202
202
202
202
202
202
202
202
202
202
202
202
202
202
39
107
108
39
107
108
202
202
46
47
55
55
0
232
44
0
233
233
232
44
233
233
232
45
44
0
262
257
262
8
0
0
3
14
257
262
217
217
3
257
257
262
3
257
3
257
257
262
3
257
3
257
257
262
3
257
3
257
257
262
3
257
262
3
257
262
3
257
3
257
257
262
3
257
262
3
257
3
257
257
262
267
3
257
262
3
257
262
3
257
3
257
257
257
257
257
257
14
233
233
232
44
233
233
232
45
1
202
202
0
202
202
1
202
1
231
