59
12
158
9
21
257
262
9
3
257
0
262
9
10
9
9
9
3
257
0
262
9
9
9
9
3
257
0
262
9
9
9
9
9
3
257
0
262
9
9
9
9
3
257
0
17
17
17
262
17
9
9
9
9
9
3
257
0
262
9
9
10
9
9
9
3
257
0
262
9
9
9
9
3
257
0
262
9
9
9
9
3
257
0
262
9
10
9
9
9
3
257
0
262
9
9
9
9
3
257
0
262
9
10
9
9
9
3
257
0
262
9
10
9
9
9
9
3
257
0
262
9
9
10
9
9
9
9
3
257
0
262
9
9
9
9
3
257
0
262
9
9
9
9
3
257
0
262
9
9
9
9
3
257
0
262
9
9
9
9
3
9
9
9
158
218
273
334
10
10
10
10
10
10
10
10
10
10
10
10
10
10
10
10
10
10
9
10
302
11
318
12
12
157
157
157
157
157
157
202
262
186
286
232
288
55
54
48
233
186
232
47
262
262
95
257
95
72
262
1
82
233
3
186
232
46
233
186
232
47
257
262
0
16
0
3
312
312
312
312
312
312
312
312
312
312
312
312
312
312
312
312
312
312
312
312
312
312
312
312
312
312
312
312
312
312
312
312
312
312
312
312
312
312
312
312
312
312
312
312
312
312
312
312
312
312
312
312
312
312
312
312
312
312
312
312
312
312
312
312
312
312
312
312
312
312
312
312
312
312
312
312
312
312
312
312
312
312
312
312
312
312
312
312
312
312
312
312
312
312
312
233
186
232
257
257
262
9
3
257
262
9
3
202
262
262
12
257
262
217
217
3
257
0
0
0
3
257
0
0
0
3
257
0
0
0
3
257
0
0
0
3
257
0
0
0
3
257
0
0
0
3
257
0
0
0
3
257
0
0
0
3
257
0
0
0
3
257
0
0
0
3
257
0
0
0
3
257
0
0
0
3
257
0
0
0
3
257
0
0
0
3
257
0
0
0
0
3
257
0
0
0
3
257
0
0
0
3
257
0
0
0
3
257
0
0
0
3
262
257
262
0
0
3
257
257
257
262
9
3
257
262
262
262
257
0
0
262
257
0
12
0
3
3
16
13
16
16
56
61
273
13
13
13
13
13
13
257
262
217
72
72
217
3
