59
12
158
9
21
257
262
9
3
273
3
33
3
257
72
3
72
33
3
59
12
158
9
21
257
262
9
3
257
0
17
17
17
262
17
9
9
9
9
9
3
9
158
218
273
334
10
10
10
302
11
318
12
12
257
262
9
3
257
262
0
0
3
257
257
257
262
9
3
257
262
9
3
0
10
10
10
302
11
318
12
12
257
262
9
3
221
262
0
273
3
33
3
257
72
3
72
33
3
59
12
158
9
21
257
262
9
3
257
0
17
17
17
262
17
9
9
9
9
9
3
9
158
218
273
334
10
10
10
302
11
318
12
12
257
262
9
3
257
262
0
0
3
257
257
257
262
9
3
257
262
9
3
0
273
3
33
3
257
72
3
72
33
3
59
12
158
9
21
257
262
9
3
257
0
17
17
17
262
17
9
9
9
9
9
3
9
158
218
273
334
10
10
10
302
11
318
12
12
257
262
9
3
257
262
0
0
3
257
257
257
262
9
3
257
262
9
3
0
273
3
33
3
257
72
3
72
33
3
59
12
158
9
21
257
262
9
3
257
0
17
17
17
262
17
9
9
9
9
9
3
9
158
218
273
334
10
10
10
302
11
318
12
12
257
262
9
3
257
262
0
0
3
273
3
33
3
257
72
3
72
33
3
59
12
158
9
21
257
262
9
3
257
0
17
17
17
262
17
9
9
9
9
9
3
9
158
218
273
334
10
10
10
302
11
318
12
12
257
262
9
3
257
262
0
0
3
257
257
257
262
9
3
257
262
9
3
0
273
3
33
3
257
202
202
72
3
72
33
3
59
12
158
9
21
257
262
9
3
257
0
17
17
17
262
17
9
9
9
9
9
3
9
158
218
273
334
10
10
10
302
11
318
12
12
257
262
9
3
257
262
0
0
3
257
257
257
262
9
3
257
262
9
3
0
3
9
158
218
273
334
10
10
10
302
11
318
12
12
257
262
9
3
221
262
0
273
3
33
3
257
72
3
72
33
3
59
12
158
9
21
257
262
9
3
257
0
17
17
17
262
17
9
9
9
9
9
3
9
158
218
273
334
10
10
10
302
11
318
12
12
257
262
9
3
257
262
0
0
3
257
257
257
262
9
3
257
262
9
3
0
273
3
33
3
257
72
3
72
33
3
