59
12
158
9
21
257
262
9
3
257
0
17
17
17
262
17
9
9
9
9
9
3
9
158
218
273
334
10
10
10
302
11
102
104
39
13
107
318
12
12
110
262
262
202
202
202
35
28
28
202
202
202
202
35
202
202
12
158
9
21
257
262
257
262
257
262
257
262
257
262
257
262
257
262
257
262
257
262
257
0
262
9
9
9
9
9
3
257
257
262
9
3
257
0
17
17
17
262
17
9
9
9
9
9
3
257
0
262
9
10
9
9
9
3
257
0
262
9
10
9
9
9
3
257
0
262
9
9
9
9
3
257
0
262
9
9
10
9
9
9
9
3
257
0
262
9
10
9
9
9
9
3
257
0
262
9
9
9
9
3
257
0
262
202
202
202
35
28
28
202
202
202
202
35
202
202
273
157
107
157
157
14
110
39
302
302
