59
12
158
9
21
257
262
9
3
257
0
262
9
10
9
9
9
9
3
257
0
262
9
9
9
9
9
3
257
0
262
9
9
9
9
3
257
0
262
9
10
9
9
9
9
3
257
0
17
17
17
262
17
9
9
9
9
9
3
257
0
262
9
9
9
9
9
3
9
257
0
262
9
9
9
9
3
257
0
262
9
10
9
9
9
3
257
0
262
9
10
9
9
9
3
257
0
262
9
10
9
9
9
3
257
0
262
9
10
9
9
9
9
3
257
0
262
9
10
9
9
9
3
9
257
0
262
9
9
9
9
3
257
0
262
9
9
9
9
3
257
0
262
9
9
9
9
3
257
0
262
9
9
9
9
3
257
0
262
9
9
9
9
3
257
0
262
9
10
9
9
9
3
257
0
262
9
9
9
9
9
3
257
0
262
9
10
9
9
9
3
257
0
262
9
9
9
9
3
257
0
262
9
10
9
9
9
3
257
0
262
9
9
9
9
3
9
9
9
158
218
273
334
10
10
10
10
10
10
10
10
10
10
10
10
10
10
10
10
10
10
10
10
10
10
10
10
10
302
11
318
12
12
137
137
257
262
0
0
3
21
12
318
262
202
202
202
202
202
202
202
202
202
257
262
9
3
257
262
0
0
3
257
257
257
262
9
3
257
262
9
3
202
202
257
202
290
1
202
202
202
202
202
318
202
202
202
202
202
202
202
202
202
202
202
202
202
186
315
314
14
290
1
13
14
9
10
14
435
14
14
202
202
202
257
257
257
262
9
3
257
202
202
202
202
202
202
202
202
202
202
202
202
202
202
202
202
202
202
202
202
202
202
202
202
13
202
12
202
202
202
9
10
14
435
14
7
0
7
334
273
14
186
314
157
9
11
11
10
202
202
202
202
202
202
202
202
202
202
202
202
202
202
202
202
202
202
202
202
202
202
202
41
72
72
202
202
202
202
42
288
72
72
51
233
233
232
334
273
14
157
9
11
10
7
0
7
202
202
202
202
202
202
202
202
202
202
202
202
202
202
202
202
202
202
202
39
107
108
39
107
108
202
202
46
47
55
55
0
232
44
0
233
233
232
44
233
233
232
45
44
0
233
233
232
44
233
233
232
45
44
0
233
233
232
44
233
233
232
45
44
0
107
232
290
1
9
10
14
435
14
202
202
290
1
7
0
7
334
273
14
157
9
10
7
0
7
1
46
47
47
21
257
257
0
3
46
46
46
46
46
46
232
1
47
47
1
7
0
1
1
7
0
7
1
47
7
47
1
1
7
0
1
7
1
7
0
7
0
7
47
47
1
0
7
1
0
7
1
47
7
47
1
1
7
0
1
202
202
0
202
202
202
202
7
7
1
7
0
7
7
0
1
47
7
47
1
1
7
0
1
202
202
0
202
1
202
1
202
0
202
202
3
202
1
202
1
7
7
47
7
0
46
47
47
46
232
7
47
7
46
47
47
46
232
7
47
7
7
47
7
7
47
7
7
47
7
1
202
202
0
202
202
202
1
202
1
1
1
1
1
1
7
7
1
7
0
46
47
47
46
232
7
1
47
7
47
1
1
46
47
47
46
232
7
0
7
47
46
47
47
46
232
7
7
47
46
47
47
46
232
7
7
47
46
47
47
46
232
7
7
47
46
47
47
46
232
7
7
47
46
47
47
46
232
232
1
47
7
47
1
1
7
0
1
7
1
7
0
7
0
232
1
202
202
0
202
202
202
202
202
202
202
46
7
7
186
7
47
47
232
47
47
232
47
47
46
232
7
7
47
7
7
47
7
7
47
7
7
47
7
7
47
7
7
47
7
7
47
7
10
10
10
10
10
10
10
10
10
10
10
10
10
10
10
10
10
10
1
202
202
0
202
202
202
202
202
202
202
202
202
202
202
202
202
1
202
202
202
202
7
7
1
7
0
46
47
47
46
232
232
1
47
7
47
1
1
7
0
1
7
1
7
0
7
0
232
290
1
1
202
202
0
202
202
202
202
202
202
202
46
7
7
7
0
7
47
47
46
232
1
47
7
47
1
1
7
0
1
7
1
7
0
7
0
1
202
3
290
1
1
202
202
0
202
202
202
202
202
202
202
46
7
7
7
0
7
47
47
46
232
1
47
7
47
1
1
7
0
1
7
1
7
0
7
0
1
202
3
257
262
72
262
0
0
3
1
202
202
0
202
202
202
202
202
202
202
46
47
47
46
232
7
7
186
7
7
1
47
7
47
1
1
7
0
1
202
202
0
202
202
202
202
202
202
202
202
202
12
202
202
202
1
202
202
202
1
202
1
1
1
1
1
1
231
