59
12
158
9
89
257
0
5
9
9
9
9
3
21
257
4
257
4
257
4
257
4
257
4
257
4
257
4
257
4
257
4
257
4
257
4
257
4
257
4
257
4
257
4
257
4
257
4
257
4
257
4
257
4
257
4
257
4
257
4
257
4
257
4
257
4
257
4
257
4
257
4
257
4
257
4
257
4
257
4
257
4
257
4
257
4
257
4
257
4
257
4
257
4
257
4
257
4
257
4
257
4
257
4
257
4
257
4
257
4
257
4
257
4
257
4
257
4
257
4
257
4
257
4
257
4
257
4
257
4
257
4
257
4
257
4
257
4
257
4
257
4
257
4
257
4
257
4
257
4
257
4
257
4
257
4
257
4
257
4
257
4
257
4
257
4
257
4
257
4
257
4
257
4
257
4
257
4
257
4
257
4
257
4
257
4
257
4
257
4
257
4
257
4
257
4
257
4
257
4
257
4
257
4
257
4
257
5
9
3
257
0
5
9
10
9
9
9
3
257
257
257
257
257
257
257
257
257
257
257
257
257
0
17
17
17
5
17
17
17
9
9
257
4
257
4
257
4
257
4
257
4
257
4
257
4
257
4
257
4
257
4
257
4
257
4
257
4
257
4
257
4
257
4
257
4
257
4
257
4
257
4
257
4
257
4
257
4
257
4
257
4
257
4
257
4
257
4
257
4
257
4
257
4
257
4
257
4
257
4
257
4
257
4
257
4
257
4
257
4
257
4
257
4
257
4
257
4
257
4
257
4
257
4
257
4
257
4
257
4
257
4
202
202
257
4
257
4
257
4
257
4
257
4
257
4
257
4
257
4
257
4
257
4
257
4
257
4
257
4
257
4
257
4
257
4
257
4
257
4
257
4
257
4
257
4
257
4
257
4
257
4
257
4
257
4
257
4
257
4
257
4
257
4
257
4
257
4
257
4
257
4
257
4
257
4
257
4
257
4
257
4
257
4
257
4
257
4
257
4
257
4
257
5
9
3
257
0
17
17
17
5
17
17
17
9
9
9
9
9
3
257
257
257
257
257
257
257
257
257
257
257
257
257
0
5
9
9
9
9
3
9
158
10
10
10
10
10
11
12
12
257
257
257
257
5
9
3
257
5
9
3
257
257
257
5
9
3
257
257
257
5
9
3
257
257
257
5
9
3
257
257
257
5
9
3
257
257
257
5
9
3
257
257
257
5
3
257
5
9
3
257
257
257
5
9
3
257
257
257
5
9
3
257
257
257
5
9
3
9
9
9
3
257
257
257
257
257
257
257
257
257
257
257
257
257
0
5
9
9
9
9
3
257
257
257
257
257
257
257
257
257
257
257
257
257
0
17
5
9
17
9
9
9
9
9
3
257
257
257
257
257
257
257
257
257
257
257
257
257
0
5
9
9
9
9
9
3
257
257
257
257
257
257
257
257
257
257
257
257
257
0
5
9
9
9
9
3
257
257
257
257
257
257
257
257
257
257
257
257
257
0
5
9
10
9
9
9
3
257
257
257
257
257
257
257
257
257
257
257
257
257
0
5
9
9
9
9
3
257
257
257
257
257
257
257
0
5
9
9
9
9
3
9
257
257
257
257
257
257
257
257
257
257
257
257
257
0
5
9
9
9
9
3
9
158
10
10
10
10
10
10
10
10
10
10
10
10
10
11
218
273
13
13
14
302
202
12
12
21
257
5
217
21
21
21
21
21
21
21
21
21
21
21
21
21
21
21
21
21
21
21
21
21
21
21
21
21
21
21
21
21
21
21
21
21
21
21
21
21
21
21
21
21
21
21
21
21
21
21
21
21
21
21
21
21
257
257
257
5
9
3
257
257
257
5
9
3
21
257
5
217
21
21
21
21
21
21
21
21
21
21
21
21
21
21
21
21
21
21
21
21
21
21
21
21
21
21
21
21
21
21
21
21
21
21
21
21
21
21
21
21
21
21
21
21
21
21
21
21
21
21
21
21
21
21
21
21
21
21
21
21
21
21
21
21
21
21
21
21
21
21
21
21
21
21
21
21
21
21
21
21
21
21
21
21
21
21
21
21
21
21
21
21
21
21
21
21
21
21
21
21
21
21
21
21
21
21
21
21
21
21
21
21
21
21
21
21
21
21
21
21
21
21
21
21
21
21
21
21
21
21
21
21
21
21
21
21
21
21
21
21
21
21
21
21
21
21
21
21
21
21
21
21
21
21
21
21
21
21
21
21
21
21
21
21
21
21
21
21
21
21
21
21
21
21
21
21
21
21
21
21
21
21
21
21
21
21
21
21
21
21
21
21
21
21
217
3
21
257
5
217
21
21
21
21
21
21
21
21
21
21
21
21
21
21
21
21
21
21
21
21
21
21
21
21
21
21
21
21
21
21
21
21
21
21
21
21
21
21
21
21
21
21
21
21
21
21
21
21
21
21
21
21
21
21
21
21
21
21
21
21
21
21
21
21
21
21
21
21
21
21
21
21
21
21
21
21
21
21
21
21
21
21
21
21
21
21
21
21
21
21
21
21
21
21
21
21
21
21
21
21
21
21
21
21
21
21
21
21
21
21
21
21
21
21
21
21
21
21
21
21
21
21
21
21
21
21
21
21
21
21
21
21
21
21
21
21
21
21
21
21
21
21
21
21
21
21
21
21
21
21
21
21
21
21
21
21
21
21
21
21
21
21
21
21
21
21
21
21
21
21
21
21
21
21
21
21
21
21
21
21
21
21
21
21
21
21
21
21
21
21
21
21
21
21
21
21
21
217
3
21
257
5
217
21
21
21
21
21
21
21
21
21
21
21
21
21
21
21
21
21
21
21
21
21
21
21
21
21
21
21
21
21
21
21
21
21
21
21
21
21
21
21
21
21
21
21
21
21
21
21
21
21
21
21
21
21
21
21
21
21
21
21
21
21
21
21
21
21
21
21
21
21
21
21
21
21
21
21
21
21
21
21
21
21
21
21
21
21
21
21
21
21
21
21
21
21
217
3
21
21
118
120
41
42
288
72
72
51
233
233
232
21
21
21
21
21
21
21
21
21
21
21
21
21
21
21
21
21
21
21
21
21
21
21
21
21
21
21
21
21
21
21
21
21
21
21
21
21
217
3
21
21
221
5
0
72
72
107
51
7
44
47
55
55
0
232
44
0
233
233
232
44
233
233
232
7
0
7
44
0
233
233
232
44
233
233
232
7
0
7
44
0
107
232
7
46
47
47
21
257
262
262
0
0
3
257
0
3
46
46
46
1
47
7
47
1
1
7
0
1
7
1
7
0
7
0
7
46
46
46
46
46
46
232
1
47
7
47
1
1
7
0
1
1
7
1
7
0
7
0
7
47
1
47
232
0
232
1
47
7
47
1
1
7
0
1
202
202
0
202
7
1
202
202
0
202
202
202
202
7
7
1
7
0
7
1
47
7
47
1
1
7
0
1
202
202
0
202
202
202
202
7
7
1
7
0
7
202
202
1
47
7
47
1
1
7
0
1
7
1
7
0
7
1
47
7
47
1
1
7
0
1
1
7
1
7
0
7
0
7
0
10
10
10
10
10
10
47
7
7
47
47
46
47
47
46
232
232
7
202
47
47
35
35
35
35
35
35
47
35
35
35
35
47
35
35
35
35
35
35
35
35
35
35
1
35
35
281
281
47
202
281
47
46
232
202
24
202
202
202
35
47
47
35
47
47
35
257
35
233
233
35
0
3
35
35
35
35
1
281
281
47
202
47
46
232
202
24
202
202
202
35
47
47
47
35
47
35
35
262
262
262
35
262
257
233
35
233
293
233
35
72
72
233
72
72
35
35
72
35
72
72
72
293
35
0
0
257
72
3
72
33
3
72
3
72
33
262
262
262
262
14
58
14
