59
12
158
9
21
257
262
9
3
257
0
262
9
10
9
9
9
9
3
257
0
17
17
17
262
17
9
9
9
9
1
0
0
1
7
0
7
9
3
257
0
262
9
9
9
9
3
9
158
218
273
334
10
10
10
10
10
302
11
137
137
318
12
12
257
262
0
0
3
21
257
262
9
3
16
16
16
257
262
217
332
332
332
332
332
217
3
16
13
13
13
13
13
13
13
13
13
13
13
13
13
13
13
13
13
13
13
13
13
13
13
13
262
1
1
0
0
1
7
0
7
7
1
0
0
1
7
0
7
13
13
13
13
13
13
13
13
13
13
13
13
3
3
231
59
12
158
9
21
257
262
9
3
257
0
262
9
10
9
9
9
9
3
257
0
17
17
17
262
17
9
9
9
9
9
3
257
0
262
9
9
9
9
3
9
158
218
273
334
10
10
10
10
10
302
11
137
137
318
12
12
257
262
0
0
3
21
257
262
9
3
16
16
16
257
262
217
332
332
332
332
332
217
3
16
13
13
13
13
13
13
13
13
13
13
13
13
13
13
13
13
13
13
13
13
13
13
13
13
262
1
13
13
13
13
13
13
13
13
13
13
13
13
3
3
231
