59
12
158
9
21
257
262
9
3
257
0
262
9
9
9
9
3
257
0
262
9
10
9
9
9
3
257
0
262
9
10
9
9
9
3
257
0
17
17
17
262
17
9
9
9
9
9
3
9
158
218
273
334
10
10
10
10
10
10
302
11
318
12
12
257
262
9
3
257
262
9
3
202
318
9
9
9
12
12
262
186
286
232
288
55
54
48
233
186
232
47
262
262
95
257
95
72
262
1
82
233
3
186
232
46
233
186
232
47
257
262
0
16
0
3
312
312
312
312
312
312
312
312
312
312
312
312
312
312
312
312
312
312
312
312
312
312
312
312
312
312
312
312
312
312
312
312
312
312
312
312
312
312
312
312
312
312
312
312
312
312
312
312
312
312
312
312
312
312
312
312
312
312
312
312
312
312
312
312
312
312
312
312
312
312
312
312
312
312
312
312
312
312
312
312
312
312
312
312
312
312
312
312
312
312
312
312
312
312
312
233
186
232
89
89
257
257
262
262
262
262
257
262
262
9
99
257
262
262
0
8
0
3
12
262
262
262
262
262
262
257
262
217
217
3
262
262
262
262
262
257
72
262
16
8
8
262
0
0
3
262
262
262
257
262
16
8
8
262
0
0
3
262
262
262
257
262
217
217
3
262
262
257
262
16
8
8
262
0
0
3
262
262
262
257
262
16
8
8
262
0
0
3
13
13
13
13
13
13
13
13
13
13
13
13
13
13
13
13
13
13
13
13
13
13
13
13
13
13
13
13
13
13
13
13
13
13
13
13
13
13
13
13
13
13
13
13
13
13
13
13
13
13
13
13
13
13
13
13
13
13
13
13
13
13
13
13
13
262
262
262
262
257
262
16
8
8
262
0
0
3
262
262
262
257
262
16
8
8
262
0
0
3
32
3
262
16
8
16
32
3
262
16
8
16
32
3
262
16
8
16
262
262
262
257
262
16
8
8
262
12
0
0
3
12
262
262
262
257
262
16
8
8
262
0
0
3
9
262
262
262
257
262
16
8
8
262
0
0
3
262
262
262
257
262
16
8
8
262
0
0
3
262
262
262
257
262
16
8
8
262
0
0
3
262
262
262
257
262
16
8
8
262
0
0
3
262
262
262
257
262
16
8
8
262
0
0
3
262
262
107
102
108
104
102
41
42
3
41
42
3
262
262
257
262
0
0
262
3
257
262
8
0
3
262
262
257
262
217
217
3
262
257
262
217
217
3
262
262
262
262
257
262
16
8
8
262
0
0
3
262
262
262
262
257
262
217
217
3
262
262
262
257
262
217
217
3
262
262
262
257
262
217
217
3
262
262
257
262
16
8
8
262
0
0
3
262
262
262
262
262
257
262
16
8
8
8
0
8
8
8
8
262
0
0
3
262
89
89
89
89
89
257
16
262
16
8
262
0
8
0
12
0
12
12
0
12
0
3
262
262
262
257
262
217
217
3
262
262
262
257
262
16
8
8
262
0
0
3
262
262
262
262
257
262
16
8
8
262
0
0
3
262
262
262
262
262
262
262
257
262
16
8
8
262
0
0
3
262
262
262
262
257
262
16
8
8
262
0
0
3
262
262
262
262
257
262
16
8
8
262
0
0
3
262
262
262
262
257
262
16
8
8
262
0
0
3
262
262
262
262
257
262
16
8
8
262
0
0
3
262
262
262
262
257
262
16
8
8
262
0
0
3
9
262
262
262
262
257
262
16
8
8
262
0
0
3
262
262
262
262
257
262
16
8
8
262
12
0
0
3
12
262
262
262
262
257
262
16
8
8
262
0
0
3
262
262
262
262
257
262
16
8
8
262
0
0
3
262
262
262
262
257
262
16
8
8
262
0
0
3
262
262
262
262
257
262
16
8
8
262
0
0
3
262
262
262
262
257
262
16
8
8
262
0
0
3
262
262
262
262
257
262
16
8
8
262
0
0
3
12
12
262
262
262
262
257
262
16
8
8
262
0
0
3
262
262
262
262
257
262
16
8
8
262
0
0
3
262
262
262
262
257
262
16
8
8
262
0
0
3
186
262
262
262
262
257
262
16
8
8
262
0
0
3
262
262
262
262
262
262
262
262
262
257
262
16
8
8
262
0
0
3
262
262
262
257
262
217
217
3
262
262
257
262
16
8
8
262
0
0
3
291
3
262
262
262
262
257
262
16
8
8
262
0
0
3
262
262
262
262
257
262
16
8
8
262
0
0
3
262
262
262
262
257
262
16
8
8
262
0
0
3
262
262
262
262
257
262
16
8
8
262
0
0
3
262
262
262
262
262
262
262
262
262
262
257
262
16
8
8
262
0
0
3
262
262
262
257
262
12
217
217
12
3
262
262
257
262
16
8
8
262
0
0
3
262
262
262
257
262
16
8
8
262
0
0
3
262
262
262
262
257
262
16
8
8
262
0
0
3
9
11
9
262
262
262
262
262
262
262
257
262
16
8
8
262
0
0
3
262
262
262
257
262
217
217
3
262
262
257
262
16
8
8
262
0
0
3
262
262
262
262
257
262
16
8
8
262
0
0
3
262
262
262
262
257
262
16
8
8
262
0
0
3
318
318
262
262
262
262
257
262
16
8
8
262
0
0
3
12
262
262
262
262
262
262
262
257
262
16
8
8
262
0
0
3
262
262
262
257
262
217
217
3
262
262
257
262
16
8
8
262
0
0
3
262
262
262
257
262
16
8
8
262
0
0
3
262
262
262
262
257
262
16
8
8
262
0
0
3
262
262
262
262
257
262
16
8
8
262
0
0
3
12
262
262
262
257
262
16
8
8
262
0
0
3
262
262
262
257
262
16
8
8
262
0
0
3
262
262
262
262
257
262
16
8
8
262
0
0
3
262
262
262
262
257
262
16
8
8
262
0
0
3
262
262
262
257
262
16
8
8
262
0
0
3
262
262
262
262
257
262
16
8
8
262
0
0
3
262
262
262
257
262
16
8
8
262
0
0
3
262
262
262
257
262
16
8
8
262
0
0
3
262
262
262
262
257
262
16
8
8
262
0
0
3
262
262
262
262
262
262
262
262
262
262
257
262
16
8
8
262
0
0
3
262
262
262
257
262
217
217
3
262
262
257
262
16
8
8
262
0
0
3
262
262
262
262
262
262
262
257
262
16
8
8
262
12
0
0
3
262
262
262
262
257
262
16
8
8
262
0
0
3
12
262
262
262
257
262
16
8
8
262
0
0
3
262
262
262
257
262
16
8
8
262
0
0
3
262
262
262
257
262
16
8
8
262
0
0
3
262
262
262
257
262
16
8
8
262
0
0
3
262
262
262
257
262
16
8
8
262
0
0
3
262
262
262
257
262
16
8
8
262
0
0
3
262
262
262
257
262
16
8
8
262
0
0
3
9
262
262
262
257
262
16
8
8
262
0
0
3
262
262
262
257
262
16
8
8
262
0
0
3
262
262
262
257
262
16
8
8
262
0
0
3
262
262
262
257
262
16
8
8
262
0
0
3
262
262
262
257
262
16
8
8
262
0
0
3
262
262
262
257
262
16
8
8
262
0
0
3
262
262
262
257
262
16
8
8
262
0
0
3
262
262
262
257
262
16
8
8
262
0
0
3
262
262
262
257
262
16
8
8
262
0
0
3
262
262
262
257
262
16
8
8
262
0
0
3
262
262
262
257
262
16
8
8
262
0
0
3
262
262
262
257
262
16
8
8
262
12
0
0
3
262
262
262
257
262
16
8
8
262
0
0
3
262
262
262
257
262
16
8
8
262
0
0
3
262
262
262
257
262
16
8
8
262
0
0
3
262
262
262
257
262
16
8
8
262
0
0
3
262
262
262
257
262
16
8
8
262
0
0
3
262
262
262
257
262
16
8
8
262
0
0
3
262
262
262
257
262
16
8
8
262
0
0
3
262
262
262
257
262
16
8
8
262
0
0
3
262
262
262
257
262
16
8
8
262
0
0
3
262
262
262
257
262
16
8
8
262
0
0
3
12
262
262
262
257
262
16
8
8
262
0
0
3
12
262
262
262
257
262
16
8
8
262
12
0
0
3
262
262
262
257
262
16
8
8
262
12
0
0
3
12
262
262
262
257
262
16
8
8
262
0
0
3
12
262
262
262
257
262
16
8
8
262
0
0
3
12
262
262
262
257
262
16
8
8
262
0
0
3
262
262
262
262
257
262
16
8
8
262
0
0
3
9
12
262
262
262
262
262
262
262
262
257
262
16
8
8
262
0
0
3
262
262
262
257
262
16
8
8
262
0
0
3
262
262
262
257
262
16
8
8
262
0
0
3
262
262
262
262
262
262
257
0
262
9
9
9
9
3
257
262
9
3
257
0
262
9
9
9
9
3
257
0
262
9
9
9
9
9
3
257
0
262
9
9
9
9
3
257
0
262
9
9
9
9
3
257
0
262
9
9
9
9
3
257
0
262
9
10
9
9
9
3
257
0
262
9
9
9
9
3
257
0
262
9
10
9
9
9
3
257
0
262
9
10
9
9
9
9
3
257
0
262
9
10
9
9
9
9
3
257
0
262
9
9
9
9
3
257
0
262
9
9
9
9
3
257
0
262
9
9
9
9
3
10
10
10
10
10
10
10
10
10
10
10
10
10
10
157
157
157
157
157
157
12
202
11
262
262
257
262
217
217
3
257
0
0
0
3
257
0
0
0
3
257
0
0
0
3
257
0
0
0
3
257
0
0
0
3
257
0
0
0
3
257
0
0
0
3
257
0
0
0
3
257
0
0
0
3
257
0
0
0
3
257
0
0
0
3
257
0
0
0
3
257
0
0
0
3
257
0
0
0
3
257
0
0
0
0
3
257
0
0
0
3
257
0
0
0
3
257
0
0
0
3
257
0
0
0
3
262
262
262
262
257
0
0
262
257
0
12
0
3
3
262
262
262
257
262
16
8
8
262
0
0
3
12
262
262
262
262
262
262
262
257
262
16
8
8
262
0
0
3
262
262
262
262
257
262
16
8
8
262
0
0
3
257
262
217
217
3
257
262
217
217
3
262
262
13
11
231
