59
288
55
54
48
233
186
232
47
262
262
95
257
95
72
262
1
82
233
3
186
232
46
233
186
232
46
47
47
46
232
47
47
186
232
186
286
232
0
270
12
158
9
21
257
262
257
262
257
262
257
262
257
262
257
262
257
262
257
262
257
262
257
0
262
9
9
9
9
9
3
257
257
262
9
3
257
0
262
9
10
9
9
9
3
257
257
0
17
17
17
262
17
9
9
9
9
9
3
257
0
262
9
10
9
9
9
3
257
0
262
9
9
9
9
3
257
0
262
9
9
10
9
9
9
9
3
257
0
262
9
10
9
9
9
9
3
257
0
262
9
9
9
9
3
257
0
262
9
9
9
9
3
257
0
262
9
10
9
9
9
3
257
0
262
9
10
9
9
9
3
257
0
262
9
9
9
9
9
9
3
257
0
262
9
9
9
9
3
257
0
262
9
10
9
9
9
3
257
0
262
9
10
9
9
9
9
3
257
0
262
9
9
9
9
3
257
0
262
9
9
9
9
3
9
257
0
262
9
9
9
9
3
257
0
262
9
9
9
9
9
3
257
0
262
9
9
9
9
3
257
0
262
9
9
9
9
3
9
9
158
218
273
334
12
158
9
21
257
262
9
3
257
0
17
17
17
262
17
9
9
9
9
9
3
9
158
218
273
334
10
10
10
302
11
102
104
39
13
107
318
12
12
110
262
262
257
72
3
72
107
108
13
13
13
13
13
13
0
439
262
262
262
14
58
257
262
262
0
0
3
0
186
232
47
257
262
0
16
0
3
312
312
312
312
312
312
312
312
312
312
312
312
312
312
312
312
312
312
312
312
312
312
312
312
312
312
312
312
312
312
312
312
312
312
312
312
312
312
312
312
312
312
312
312
312
312
312
312
312
312
312
312
312
312
312
312
312
312
312
312
312
312
312
312
312
312
312
312
312
312
312
312
312
312
312
312
312
312
312
312
312
312
312
312
312
312
312
312
312
312
312
312
312
312
233
186
232
14
