59
0
0
0
0
3
102
262
262
257
262
0
0
3
102
262
102
262
102
262
102
262
102
262
102
262
102
262
102
262
102
262
102
262
102
262
102
262
102
262
102
262
102
262
102
262
102
262
102
262
102
262
102
262
102
262
102
262
102
262
102
262
102
262
102
262
102
262
102
262
102
262
102
262
102
262
102
262
102
262
102
262
102
262
102
262
102
262
102
262
102
262
102
262
102
262
102
262
102
262
102
262
7
14
61
257
12
158
9
21
257
262
9
3
257
0
17
17
17
262
17
9
9
9
9
9
3
9
158
218
273
334
10
10
10
302
11
318
12
12
257
262
9
3
257
262
0
0
3
257
257
257
257
257
9
8
0
0
3
11
131
13
13
72
72
72
257
233
233
1
257
233
233
74
202
262
257
262
8
8
0
3
262
264
74
3
262
264
74
202
35
202
202
202
35
202
202
35
202
35
281
202
202
202
202
202
24
202
202
202
35
3
262
35
264
35
74
35
202
35
202
202
202
24
202
202
202
35
3
35
35
35
35
35
257
35
233
233
217
35
217
262
257
233
35
233
5
0
0
3
35
3
35
257
233
233
35
217
217
262
257
233
35
233
5
0
0
3
35
35
35
3
35
257
35
233
233
217
217
262
35
257
233
233
5
0
0
35
3
3
35
257
233
233
217
35
217
262
257
233
35
233
5
0
0
3
35
35
3
35
257
233
35
233
217
217
35
262
257
233
35
233
5
0
0
35
3
3
35
35
35
35
35
202
202
35
35
35
35
35
35
35
35
35
35
35
35
35
35
35
35
35
35
35
35
35
257
233
233
1
257
202
35
202
202
202
202
202
24
202
202
202
35
233
233
74
35
202
35
202
202
202
24
202
202
202
35
3
35
35
35
35
35
257
35
202
35
202
202
202
24
202
202
202
35
202
202
35
35
35
35
35
202
35
202
35
35
35
35
35
35
257
35
233
233
35
1
35
202
35
202
257
233
233
74
35
202
35
202
202
3
257
233
233
217
217
262
257
233
233
5
0
0
3
3
262
257
233
281
72
72
0
0
0
233
3
262
262
202
35
202
202
202
202
202
24
202
202
202
35
262
262
257
233
35
233
293
233
72
72
233
35
281
72
72
72
72
35
72
72
293
39
14
14
35
56
13
13
13
35
13
13
13
13
13
13
13
35
13
13
13
13
13
13
13
13
35
13
13
13
13
13
13
13
13
13
35
13
13
13
13
13
13
13
35
13
13
13
13
13
13
13
35
13
13
13
13
13
13
13
13
35
13
13
13
13
13
13
35
13
14
33
33
33
