59
35
14
3
0
35
3
3
233
3
247
35
12
202
35
0
202
202
158
9
21
257
262
9
3
257
0
262
9
10
9
9
9
3
257
0
262
9
10
9
9
9
9
3
257
0
17
17
17
262
17
9
9
9
9
9
3
257
0
262
9
10
9
9
9
3
257
0
262
9
9
9
9
3
9
9
158
218
273
334
10
10
10
10
10
10
10
302
11
137
137
318
12
12
257
262
0
0
3
21
257
262
9
3
102
107
21
89
89
262
102
107
104
108
157
262
257
262
0
89
89
89
89
0
0
0
0
0
3
102
107
104
108
157
262
262
257
262
0
0
3
89
89
262
63
262
262
262
257
262
217
262
262
262
257
257
72
262
0
3
257
16
262
3
3
262
262
257
257
72
262
0
3
257
16
262
3
3
262
262
257
257
72
262
0
3
257
16
262
3
3
262
262
257
257
72
262
0
3
257
16
262
3
3
262
262
257
257
72
262
0
3
257
16
262
3
3
262
262
257
257
72
262
0
3
257
16
262
3
3
262
262
257
257
72
262
0
3
257
16
262
3
3
262
262
257
257
72
262
0
3
257
16
262
3
3
262
262
257
257
72
262
0
3
257
16
262
3
3
262
262
257
257
72
262
0
3
257
16
262
3
3
262
262
257
257
72
262
0
3
257
16
262
3
3
262
262
257
257
72
262
0
3
257
16
262
3
3
262
262
257
257
72
262
0
3
257
16
262
3
3
262
262
257
257
72
262
0
3
257
16
217
3
3
3
262
262
257
16
0
0
232
47
257
262
0
3
257
257
262
280
3
262
262
262
262
262
262
262
262
262
262
262
262
262
262
262
262
262
262
262
262
262
262
41
54
49
51
14
56
14
3
186
286
232
186
232
273
157
14
110
39
14
257
72
1
3
3
3
3
291
14
289
233
233
257
262
0
3
257
262
262
21
21
21
257
257
262
3
257
262
3
257
262
3
257
262
267
3
257
3
257
3
257
262
3
257
262
3
257
262
3
257
262
3
3
21
262
257
262
0
3
21
21
21
257
257
262
3
257
262
3
257
262
3
257
262
267
3
257
3
257
3
257
262
3
257
262
3
257
262
3
257
262
3
3
21
262
257
262
0
3
257
257
262
3
257
262
3
257
262
3
257
262
3
3
21
257
257
262
3
257
262
3
257
262
3
3
21
257
257
262
3
257
262
3
3
21
262
262
262
3
0
0
232
89
89
257
257
16
3
262
257
257
72
262
0
3
257
72
262
0
3
3
262
262
262
262
262
107
108
102
104
21
165
47
257
262
0
3
41
54
49
51
14
56
14
3
186
232
186
232
47
257
262
0
3
186
232
186
232
47
257
262
0
3
186
232
186
232
267
87
46
1
1
1
1
7
0
257
262
0
89
89
89
89
0
0
0
0
0
3
102
262
262
257
262
0
0
3
102
262
257
262
0
89
89
89
89
0
0
0
0
0
3
102
262
262
257
262
0
0
3
102
262
257
262
0
89
89
89
89
0
0
0
0
0
3
102
262
262
257
262
0
0
3
102
262
257
262
0
89
89
89
89
0
0
0
0
0
3
202
0
202
1
1
202
1
257
262
72
262
0
0
0
3
257
262
72
262
0
0
3
262
1
1
1
1
7
0
7
257
262
72
262
0
0
0
3
257
262
72
262
0
0
3
7
1
1
1
7
0
257
262
0
89
89
89
89
0
0
0
0
0
3
102
262
262
257
262
0
0
3
79
89
21
79
89
21
79
89
21
79
89
21
79
89
21
262
257
257
3
257
79
89
21
79
89
21
79
89
21
79
89
21
79
89
21
79
89
21
79
89
21
79
89
21
79
89
21
79
89
21
79
89
21
79
89
21
79
89
21
79
89
21
262
257
257
3
257
262
257
257
3
257
262
257
257
3
257
262
257
257
3
257
262
257
257
3
257
262
257
257
3
257
262
257
257
3
257
262
257
257
3
257
262
257
257
3
257
262
257
257
3
257
262
257
257
3
257
262
257
257
3
257
262
257
1
1
1
7
0
257
262
0
89
89
89
89
0
0
0
0
0
3
102
262
262
257
262
0
0
3
255
1
0
202
1
1
1
7
0
257
262
0
89
89
89
89
0
0
0
0
0
3
102
262
262
257
262
0
0
3
102
262
257
262
0
89
89
89
89
0
0
0
0
0
3
102
262
262
257
262
0
0
3
137
257
262
0
89
89
89
89
0
0
0
0
0
3
102
262
262
257
262
0
0
3
137
7
232
232
257
262
0
89
89
89
89
0
0
0
0
0
3
102
262
262
257
262
0
0
3
262
257
257
262
3
257
262
3
257
262
3
257
262
267
3
257
3
257
3
257
262
3
257
262
3
257
262
3
257
262
3
257
262
3
257
262
3
257
262
3
257
262
3
3
21
257
262
0
3
267
257
262
262
0
0
3
262
257
257
262
3
257
262
3
257
262
3
257
262
267
3
257
3
257
3
257
262
3
257
262
3
257
262
3
257
262
3
3
21
257
262
0
3
267
257
262
262
0
0
3
262
257
257
262
3
257
262
3
257
262
3
257
262
267
3
257
3
257
3
257
262
3
257
262
3
257
262
3
257
262
3
3
21
257
262
0
3
267
257
262
262
0
0
3
262
257
257
262
3
257
262
3
257
262
3
257
262
267
3
257
3
257
3
257
262
3
257
262
3
257
262
3
257
262
3
3
21
257
262
0
3
267
257
262
262
0
0
3
262
257
257
262
3
257
262
3
257
262
3
257
262
267
3
257
3
257
3
257
262
3
257
262
3
257
262
3
257
262
232
232
257
262
0
89
89
89
89
0
0
0
0
0
3
102
107
104
108
157
262
262
257
262
0
0
3
262
257
257
262
3
257
262
3
257
262
3
257
262
267
3
257
3
257
3
257
262
3
257
262
3
257
262
3
257
262
3
257
262
3
257
262
3
257
262
3
257
262
3
3
21
257
262
0
3
267
257
262
262
0
0
3
262
257
257
262
3
257
262
3
257
262
3
257
262
267
3
257
3
257
3
257
262
3
257
262
3
257
262
3
257
262
3
3
21
257
262
0
3
267
257
262
262
0
0
3
262
257
257
262
3
257
262
3
257
262
3
257
262
267
3
257
3
257
3
257
262
3
257
262
3
257
262
3
257
262
3
3
21
257
262
0
3
267
257
262
262
0
0
3
262
257
257
262
3
257
262
3
257
262
3
257
262
267
3
257
3
257
3
257
262
3
257
262
3
257
262
3
257
262
3
3
21
257
262
0
0
257
186
232
0
257
186
232
0
257
186
232
0
257
186
232
202
202
1
7
0
7
21
102
254
262
102
262
21
102
254
262
102
262
7
102
262
262
257
262
0
0
3
102
262
257
262
0
89
89
89
89
0
0
0
0
0
3
102
262
262
257
262
0
0
3
102
262
257
262
0
89
89
89
89
0
0
0
0
0
3
102
262
262
257
262
0
0
3
102
262
257
262
0
89
89
89
89
0
0
0
0
0
3
102
262
262
257
262
0
0
3
102
262
257
262
0
89
89
89
89
0
0
0
0
0
3
102
262
262
257
262
0
0
3
102
262
257
262
0
89
89
89
89
0
0
0
0
0
3
102
262
262
257
262
0
0
3
102
262
257
262
0
89
89
89
89
0
0
0
0
0
3
102
262
262
257
262
0
3
0
0
232
32
3
32
3
231
