59
12
158
9
21
257
262
9
3
257
0
17
17
17
262
17
9
9
9
9
9
3
9
158
218
273
334
10
10
10
302
11
318
12
12
257
262
9
3
221
0
273
3
33
3
1
231
59
12
158
9
21
257
262
9
3
257
0
17
17
17
262
17
9
9
9
9
9
3
9
158
218
273
334
10
10
10
302
11
318
12
12
257
262
9
3
221
0
273
3
33
3
1
231
59
12
158
9
21
257
262
9
3
257
0
17
17
17
262
17
9
9
9
9
9
3
9
158
218
273
334
10
10
10
302
11
318
12
12
257
262
9
3
221
0
273
3
33
3
1
231
59
12
158
9
21
257
262
9
3
257
0
17
17
17
262
17
9
9
9
9
9
3
9
158
218
273
334
10
10
10
302
11
318
12
12
257
262
9
3
221
0
273
3
33
3
1
231
59
12
158
9
21
257
262
9
3
257
0
17
17
17
262
17
9
9
9
9
9
3
9
158
218
273
334
10
10
10
302
11
318
12
12
257
262
9
3
221
0
273
3
33
3
1
231
59
12
158
9
21
257
262
9
3
257
0
17
17
17
262
17
9
9
9
9
9
3
9
158
218
273
334
10
10
10
302
11
318
12
12
257
262
9
3
221
0
273
3
33
3
1
231
59
12
158
9
21
257
262
9
3
257
0
17
17
17
262
17
9
9
9
9
9
273
3
33
3
1
231
59
12
158
9
21
257
262
9
3
257
0
17
17
17
262
273
3
33
3
202
202
1
231
59
12
158
9
21
257
262
9
3
257
0
17
17
17
262
17
9
9
9
9
9
3
9
158
218
273
334
10
10
10
302
11
318
12
12
257
262
9
3
273
3
33
3
1
231
59
12
158
9
21
257
262
9
3
257
0
17
17
17
262
17
9
9
9
9
9
3
9
158
218
273
334
10
10
10
302
11
318
12
12
257
262
9
3
221
0
273
3
33
3
1
231
59
12
158
9
21
257
262
9
3
257
0
17
17
17
262
17
9
9
9
9
9
3
9
158
218
273
334
10
10
10
302
11
318
12
12
257
262
9
3
221
0
273
3
33
3
1
231
59
12
158
9
21
257
262
9
3
257
0
17
17
17
273
3
33
3
1
231
59
12
158
9
21
257
262
9
3
257
0
17
17
17
262
17
9
9
9
9
9
3
9
158
218
273
334
10
10
10
302
11
318
12
12
257
262
9
3
221
0
273
3
33
3
1
231
59
12
158
9
21
257
262
9
3
257
0
17
17
17
262
17
9
9
9
9
9
3
9
158
218
273
334
202
202
10
10
10
302
11
318
12
12
257
262
9
3
221
0
273
3
33
3
1
231
59
12
158
9
21
257
262
9
3
257
0
17
17
17
262
17
9
9
9
9
9
3
9
158
218
273
334
10
10
10
302
11
318
12
12
257
262
9
3
221
0
273
3
33
3
1
231
59
12
158
9
21
257
262
9
3
257
0
17
17
17
262
17
9
9
9
9
9
3
9
158
218
273
334
10
10
10
302
11
318
12
12
257
262
9
3
221
0
273
3
33
3
1
231
