59
35
35
262
262
262
262
262
262
262
262
262
262
262
262
262
262
262
262
262
262
262
262
262
262
262
262
262
262
262
262
262
262
262
262
262
262
262
262
262
262
262
262
262
262
262
262
262
262
262
262
262
262
262
262
262
262
262
262
262
262
262
262
262
262
262
262
262
262
262
262
262
262
262
262
262
262
262
262
262
262
262
262
262
262
262
262
262
262
262
262
262
262
17
17
35
35
14
3
0
35
202
35
202
202
28
28
202
202
202
202
35
202
17
17
202
202
3
3
233
3
247
35
12
202
35
0
202
202
158
9
21
257
262
9
3
257
0
262
9
10
9
9
9
9
3
257
0
17
17
17
262
17
9
9
202
202
202
35
202
9
9
9
202
17
17
72
3
257
0
262
9
9
9
9
3
257
0
262
9
9
9
9
3
9
158
218
273
334
10
10
10
10
10
10
302
11
318
12
12
257
262
217
262
262
257
262
0
262
39
262
262
262
262
17
262
262
262
39
262
257
262
107
72
262
262
262
262
262
262
262
262
262
262
262
262
262
262
262
262
262
262
262
262
262
262
262
262
262
262
262
262
262
262
262
262
262
262
262
262
262
262
262
262
262
262
262
262
262
262
262
262
262
262
262
262
262
262
262
262
262
262
262
262
262
262
262
262
262
262
262
262
17
17
17
17
17
17
17
17
17
17
17
17
17
17
17
17
17
72
257
262
9
3
0
202
202
3
262
257
262
0
257
262
0
0
3
202
0
0
3
262
257
262
0
262
262
262
262
262
262
262
0
0
3
217
3
257
95
95
91
72
262
1
3
82
231
59
14
3
0
35
202
35
202
28
28
202
202
202
202
24
72
72
1
14
435
14
1
1
202
334
273
14
186
314
157
202
202
202
202
35
202
202
202
3
3
233
3
247
35
12
202
35
0
202
202
158
9
21
257
262
9
3
257
0
262
9
10
9
9
9
9
3
257
0
17
17
17
262
17
9
9
9
9
9
3
257
0
262
9
9
9
9
3
257
0
262
9
9
9
9
3
9
158
202
202
202
35
28
28
202
202
202
202
202
202
35
202
218
273
334
202
10
10
10
10
10
10
302
11
318
12
12
257
262
217
262
262
257
262
0
0
202
202
3
262
257
262
0
257
262
0
0
3
202
0
0
3
262
257
262
0
0
0
0
3
262
257
262
0
0
0
3
217
3
82
257
74
3
257
95
95
91
72
262
1
3
82
1
0
1
262
1
7
0
7
0
332
332
1
332
1
332
332
1
332
10
1
7
202
202
35
28
28
202
202
202
202
202
202
35
202
231
