59
3
3
7
12
158
9
89
257
0
5
9
9
9
9
3
21
257
4
257
4
257
4
257
4
257
4
257
4
257
4
257
4
257
4
257
4
257
4
257
4
257
4
257
4
257
4
257
4
257
4
257
4
257
4
257
4
257
4
257
4
257
4
257
4
257
4
257
4
257
4
257
4
257
4
257
4
257
4
257
4
257
4
257
4
257
4
257
4
257
4
257
4
257
4
257
4
257
4
257
4
257
4
257
4
257
4
257
4
257
4
257
4
257
4
257
4
257
202
202
4
257
4
257
4
257
4
257
4
257
4
257
4
257
4
257
4
257
4
257
4
257
4
257
4
257
4
257
4
257
4
257
4
257
4
257
4
257
4
257
4
257
4
257
4
257
4
257
4
257
4
257
4
257
4
257
4
257
4
257
4
257
4
257
4
257
4
257
4
257
4
257
4
257
4
257
4
257
4
257
4
257
4
257
4
257
4
257
4
257
4
257
5
9
3
257
0
5
9
9
9
9
3
257
257
257
257
257
257
257
257
257
257
257
257
257
0
5
9
9
9
9
3
257
257
257
257
257
257
257
257
257
257
257
257
257
0
17
17
17
5
17
17
17
9
9
9
9
9
3
9
158
10
10
10
10
10
10
11
257
16
12
12
257
257
257
257
5
9
3
257
5
9
3
257
257
257
5
9
3
257
257
257
5
9
3
257
257
257
5
9
3
257
257
257
5
9
3
257
257
257
5
9
3
257
257
257
5
3
257
5
9
3
257
257
257
5
9
3
257
257
257
5
9
3
257
257
257
5
9
3
257
257
257
5
9
3
257
257
257
5
9
3
21
257
5
217
21
21
21
21
21
21
21
21
21
21
21
21
21
21
21
21
21
21
21
21
21
21
21
21
21
21
21
21
21
21
21
21
21
21
21
21
21
21
21
21
21
21
21
21
21
21
21
21
21
21
21
21
21
21
21
21
21
21
21
21
21
21
21
21
21
21
21
21
21
21
21
21
21
21
21
21
21
21
21
21
21
21
21
21
21
21
21
21
21
21
21
21
21
21
21
21
21
21
21
21
21
21
21
21
21
21
21
21
21
21
21
21
21
21
21
21
21
21
21
21
21
21
21
21
21
21
21
21
21
21
21
21
21
21
21
21
21
21
21
21
21
21
21
21
21
21
21
21
21
21
21
21
21
21
21
21
21
21
21
21
21
21
21
21
21
21
21
21
21
21
21
21
21
21
21
21
21
21
21
21
21
21
21
21
21
21
21
21
21
21
21
21
21
21
217
3
21
257
5
217
21
21
21
21
21
21
21
21
21
21
21
21
21
21
21
21
21
21
21
21
21
21
21
21
21
21
21
21
21
21
21
21
21
21
21
21
21
21
21
21
21
21
21
21
21
21
21
21
21
21
21
21
21
21
21
21
21
21
21
21
21
21
21
21
21
21
21
21
21
21
21
21
21
21
21
21
21
21
21
21
21
21
21
21
21
21
21
21
21
21
21
21
21
217
3
21
21
102
104
107
108
14
16
99
13
13
13
13
13
13
13
13
13
13
13
13
14
13
63
4
4
4
4
39
110
39
111
16
13
16
302
14
257
4
16
8
0
8
302
72
33
3
72
72
5
8
0
12
14
22
14
56
14
3
3
14
56
14
3
14
14
14
13
61
39
3
14
13
13
13
33
3
4
4
4
4
4
4
4
4
4
4
107
108
102
104
21
4
107
108
102
104
21
4
4
107
108
102
104
21
4
107
108
102
104
21
13
13
13
