59
12
158
9
21
257
262
9
14
61
12
158
9
21
257
262
257
262
257
262
257
262
257
262
257
262
257
262
257
262
257
262
257
0
262
9
9
9
9
9
3
257
257
262
9
3
257
0
17
17
17
262
17
9
9
9
9
9
3
257
0
262
9
10
9
9
9
3
257
0
262
9
10
9
9
9
3
257
0
262
9
9
9
9
3
257
0
262
9
9
10
9
9
9
9
3
257
0
262
9
10
9
9
9
9
3
257
202
202
202
35
28
28
202
202
202
202
35
202
9
9
9
202
3
9
257
0
262
9
9
9
9
3
257
0
262
9
9
9
9
3
257
0
262
9
10
9
9
9
3
257
0
262
9
10
9
9
9
3
257
0
262
9
10
9
9
9
9
3
257
0
262
9
10
9
9
9
3
9
257
0
262
9
9
9
9
3
257
0
262
9
9
9
9
3
257
0
262
9
10
9
9
9
3
257
0
262
9
9
9
9
3
9
9
158
218
273
334
10
10
202
202
202
35
28
28
202
202
202
202
35
202
273
202
257
0
262
9
9
9
9
3
257
0
262
9
9
10
9
9
9
9
3
257
0
262
9
10
9
9
9
9
3
257
0
17
17
17
262
17
9
9
9
9
9
3
257
0
262
9
9
9
9
3
9
158
218
273
334
10
10
10
10
10
302
11
137
137
318
12
12
257
262
0
0
3
21
257
262
9
3
95
95
83
80
83
80
83
80
83
3
3
231
