59
12
158
9
21
257
262
9
3
257
0
17
17
17
262
17
9
9
9
9
9
3
9
158
218
273
334
10
10
10
302
11
318
12
12
257
262
9
3
262
257
262
221
9
0
1
0
273
157
107
157
157
14
110
39
302
302
59
12
158
9
21
257
4
257
4
257
4
257
4
257
4
257
4
257
4
257
4
257
4
257
4
257
4
257
4
257
4
257
4
257
4
257
4
257
4
257
4
257
4
257
4
257
4
257
4
257
4
257
4
257
4
257
4
257
4
257
4
257
4
257
4
257
4
257
4
257
5
9
3
257
0
17
17
17
5
17
17
17
9
9
9
9
9
3
9
158
10
10
10
11
12
12
257
257
257
257
257
257
257
257
5
5
221
9
0
1
0
11
3
3
3
231
