59
14
61
12
158
9
21
257
262
9
3
257
0
17
17
17
262
17
9
9
9
9
9
3
9
158
218
273
334
10
10
10
302
11
13
13
13
13
13
13
13
13
13
13
13
257
257
262
318
12
12
14
257
14
0
202
24
202
202
202
35
3
262
264
35
202
35
202
74
35
202
35
202
202
202
24
202
202
202
35
3
35
35
35
35
35
257
233
233
35
217
217
262
35
257
233
233
5
35
0
0
3
35
3
35
257
233
233
35
217
217
262
257
35
233
233
5
0
0
35
3
35
3
35
35
257
233
233
35
217
217
262
257
35
233
233
5
0
0
3
35
3
35
257
233
233
217
35
217
262
257
35
233
233
5
0
0
35
3
35
3
257
35
233
233
217
217
262
35
257
233
233
5
0
0
35
3
3
35
202
281
202
24
0
202
202
202
35
35
35
35
35
35
35
35
35
35
35
202
202
35
35
35
35
35
35
35
35
35
35
35
35
35
35
0
35
35
35
35
35
35
35
35
35
35
35
35
35
35
35
35
35
35
35
1
3
280
93
91
93
3
14
263
14
231
