59
267
257
262
262
0
0
3
262
257
257
262
3
257
262
3
257
262
3
257
262
267
3
257
3
257
3
257
262
3
257
262
3
257
262
3
257
262
3
257
262
3
257
262
3
257
262
3
257
262
3
3
21
257
262
0
3
262
3
257
262
3
257
262
3
3
21
257
262
0
3
267
257
262
262
0
0
3
262
257
257
262
3
257
262
3
257
262
3
257
262
267
3
257
3
257
3
257
262
3
257
262
3
257
262
3
257
262
3
257
262
3
257
262
3
257
262
3
257
262
3
3
21
257
262
0
3
267
257
262
262
0
0
3
262
257
257
262
3
257
262
3
257
262
3
257
262
267
3
257
3
257
3
257
262
3
257
262
3
257
262
3
257
262
3
3
21
257
262
0
3
267
257
262
262
0
0
3
262
257
257
262
3
257
262
0
3
102
262
257
262
0
89
89
89
89
0
0
0
0
0
3
102
262
262
257
262
0
0
3
267
257
262
262
0
0
3
262
257
257
262
3
257
262
3
257
262
3
257
262
267
3
257
3
257
3
257
262
3
257
262
3
257
262
3
257
262
3
3
21
257
262
0
3
267
257
262
262
0
0
3
3
257
262
3
257
262
267
3
257
3
257
3
257
262
3
257
262
3
257
262
3
257
262
3
257
262
3
257
262
3
257
262
3
257
262
3
3
21
257
262
0
3
267
257
262
262
0
0
3
262
257
257
262
3
257
262
3
257
262
3
257
262
267
3
257
3
257
3
257
262
3
257
262
3
257
262
3
257
262
3
257
262
3
257
262
3
257
262
3
257
262
3
257
262
3
3
21
257
262
0
3
267
257
262
262
0
0
3
262
257
257
262
3
257
262
3
257
262
3
257
262
267
3
257
3
257
3
257
262
3
102
262
257
262
0
89
89
89
89
0
0
0
0
0
3
102
262
262
257
262
0
0
3
102
262
257
262
0
89
89
89
89
0
0
0
0
0
3
102
262
262
257
262
0
0
3
102
262
257
262
0
89
89
89
89
0
262
257
257
262
3
257
262
3
257
262
3
257
262
267
3
257
3
257
3
257
262
3
257
262
3
257
262
3
257
262
3
257
262
3
257
262
3
257
262
3
257
262
3
3
21
257
262
0
3
267
257
262
262
0
0
3
262
257
257
262
3
257
262
3
257
262
3
257
262
267
3
257
3
257
3
257
262
3
257
262
3
257
262
3
257
262
3
257
262
3
257
262
3
257
262
3
257
262
3
257
262
3
3
21
257
262
0
3
267
257
262
262
0
0
3
262
257
257
262
3
257
262
3
257
262
3
257
262
267
3
257
3
257
3
257
262
3
257
262
3
257
262
3
0
0
0
0
3
102
262
262
257
262
0
0
3
102
262
257
262
0
89
89
89
89
0
0
0
0
0
3
102
262
262
257
262
0
0
3
102
262
102
262
257
262
0
89
89
89
89
0
0
290
1
1
202
202
0
202
202
202
202
202
202
202
46
7
7
7
0
7
47
47
46
232
1
47
7
47
1
1
7
0
1
7
1
7
0
7
0
1
202
3
10
10
10
10
10
10
10
10
257
262
3
257
262
3
257
262
3
3
21
257
262
0
3
267
257
262
262
0
0
3
262
257
257
262
3
257
262
3
257
262
3
257
262
267
3
257
3
257
3
257
262
3
257
262
3
0
257
262
0
16
16
16
16
16
16
16
16
16
16
16
16
16
16
16
16
3
186
286
232
257
262
3
3
21
257
262
0
3
267
257
262
262
0
0
3
262
257
257
262
3
257
262
3
257
262
3
257
262
267
3
257
3
257
3
257
262
3
257
262
3
257
262
3
257
262
3
3
21
257
262
0
3
267
257
262
262
0
0
3
262
257
257
262
3
257
262
3
257
262
3
257
262
267
3
257
3
257
3
257
262
3
257
262
3
257
262
3
257
262
3
3
21
257
262
0
3
267
257
262
262
0
0
3
257
262
0
3
262
257
262
3
257
262
3
3
21
257
262
0
3
267
257
262
262
0
0
3
262
257
257
262
3
257
262
3
257
262
3
257
262
267
3
257
3
257
3
257
262
3
257
262
3
257
262
3
257
262
3
3
21
257
262
0
3
267
257
262
262
0
0
3
262
262
262
262
262
262
262
262
262
262
262
262
262
262
262
262
262
262
262
262
262
262
41
42
3
46
47
47
232
10
10
290
1
1
202
202
0
202
202
202
202
202
202
1
0
1
1
7
0
7
202
46
47
47
46
232
7
1
47
7
47
1
1
7
0
1
7
1
7
0
7
7
0
1
202
3
10
10
10
10
10
10
290
1
1
0
0
0
3
102
262
262
257
262
0
0
3
102
262
102
262
102
262
102
262
102
262
262
262
262
262
262
262
262
262
262
257
262
0
3
257
262
0
3
262
262
262
262
262
262
262
262
262
262
262
262
262
262
262
262
262
262
262
262
186
232
262
102
262
102
262
102
262
102
262
102
262
102
262
102
262
102
262
102
262
102
262
102
262
102
262
102
262
102
262
102
262
102
262
102
262
102
262
102
262
102
262
102
262
102
262
102
262
102
262
102
262
102
262
102
262
102
262
102
262
102
262
102
262
102
262
102
262
102
262
102
262
102
262
102
262
102
262
102
262
102
262
7
46
47
47
46
232
47
47
186
232
46
47
47
232
46
47
47
46
232
47
47
186
232
46
47
47
232
186
232
202
202
0
202
202
202
202
202
202
202
46
47
47
46
232
7
1
47
7
47
1
1
7
0
1
7
1
7
0
7
7
0
1
202
3
290
1
1
202
202
0
202
202
202
202
202
202
202
46
47
47
46
232
158
7
1
47
7
47
1
1
7
0
1
7
1
7
0
7
7
0
1
202
3
7
204
257
0
3
9
9
9
9
9
9
9
14
131
131
14
186
13
13
13
13
13
13
13
13
13
13
13
13
13
13
13
13
13
13
13
13
13
13
13
13
13
13
13
13
13
13
13
13
13
13
13
13
13
13
13
13
13
13
13
13
13
13
13
13
13
13
13
13
13
13
13
13
13
13
13
13
13
13
13
13
13
13
13
13
13
13
13
13
13
13
13
13
13
13
13
13
13
13
13
13
13
13
13
13
13
13
13
13
13
13
13
13
13
13
13
13
13
13
13
13
13
13
13
13
13
13
13
13
13
13
14
56
14
14
56
14
202
186
158
131
131
14
186
202
14
56
14
202
202
186
158
131
131
14
186
35
186
158
131
131
14
186
202
35
202
35
35
35
35
35
202
202
202
35
35
35
35
35
35
35
35
35
202
202
202
35
35
35
35
267
202
35
202
72
35
9
72
35
72
35
35
35
202
202
202
35
35
35
35
35
202
202
202
35
35
35
35
35
35
35
35
35
35
35
35
202
202
202
35
35
35
257
35
291
233
233
0
281
35
0
262
262
35
262
35
35
35
35
35
35
35
35
35
35
281
35
202
202
202
35
35
35
35
35
281
35
39
35
35
35
35
35
35
35
202
202
202
35
35
281
35
35
202
202
202
281
35
35
281
35
202
202
202
28
28
262
262
262
262
262
262
262
262
262
257
281
35
257
233
72
72
5
0
0
233
3
257
233
233
5
0
0
3
262
257
233
233
217
217
262
262
262
262
3
262
59
158
204
257
0
3
9
9
9
9
9
9
9
14
131
131
14
186
13
13
13
13
13
13
13
13
13
13
13
13
13
13
13
13
13
13
13
13
13
13
13
13
13
13
13
13
13
13
13
13
13
13
13
13
13
13
13
13
13
13
13
13
13
13
13
13
13
13
13
13
13
13
13
13
13
13
13
13
13
13
13
13
13
13
13
13
13
13
13
13
13
13
13
13
13
13
13
13
13
13
13
13
13
13
13
13
13
13
13
13
13
13
13
13
13
13
13
13
13
13
13
13
13
13
13
13
13
13
13
13
13
13
14
56
14
14
56
14
202
186
158
131
131
14
186
202
14
56
14
202
202
186
158
131
131
14
186
35
186
158
131
131
14
186
202
267
72
9
72
72
257
291
233
233
0
0
262
262
262
39
28
28
262
262
262
262
262
262
262
262
262
257
257
233
72
72
5
0
0
233
3
257
233
233
5
0
0
3
262
257
233
233
217
217
262
262
262
262
3
262
