59
14
61
12
158
9
21
257
262
9
3
257
0
17
17
17
262
17
9
9
9
9
9
3
9
158
218
273
334
10
10
10
302
11
95
318
12
12
13
14
257
262
217
217
3
262
21
293
293
56
14
3
3
61
270
273
14
33
33
3
3
3
3
59
14
61
12
158
9
21
257
262
9
3
257
0
17
17
17
262
17
9
9
9
9
9
3
9
158
218
273
334
10
10
10
302
11
95
318
12
12
13
14
257
72
1
3
257
262
0
16
0
3
46
47
47
46
232
47
47
186
232
46
47
47
46
232
47
47
186
232
186
46
46
47
47
46
47
47
186
232
232
273
102
104
157
107
9
257
262
217
262
186
286
232
16
47
257
262
0
16
0
3
267
257
262
0
3
257
262
0
3
257
0
3
257
262
0
0
3
257
262
0
0
3
257
262
0
16
0
3
267
267
257
267
267
46
47
202
7
202
1
202
257
186
232
217
3
262
21
293
293
56
14
3
3
61
270
273
14
33
33
3
3
3
3
59
14
61
12
158
9
21
257
262
9
3
257
0
17
17
17
262
17
9
9
9
9
9
3
9
158
218
273
334
10
10
10
302
11
95
318
12
12
13
14
257
262
217
217
3
231
59
14
61
12
158
9
21
257
262
9
3
257
0
17
17
17
262
17
9
9
9
9
9
3
9
158
218
273
334
10
10
10
302
11
95
318
12
12
13
14
257
262
217
217
3
231
