59
12
158
9
21
257
262
9
3
257
0
262
9
10
9
9
9
9
3
257
0
262
9
9
9
9
9
3
257
0
262
9
9
9
9
3
257
0
262
9
10
9
9
9
9
3
257
0
17
17
17
262
17
9
9
9
9
9
3
257
0
262
9
9
9
9
9
3
9
257
0
262
9
9
9
9
3
257
0
262
9
10
9
9
9
3
257
0
262
9
10
9
9
9
3
257
0
262
9
10
9
9
9
3
257
0
262
9
10
9
9
9
9
3
257
0
262
9
10
9
9
9
288
55
54
48
233
186
232
47
262
262
95
257
95
72
262
1
82
233
3
186
232
46
233
186
232
1
47
7
47
1
1
7
0
1
45
47
233
3
46
46
186
286
232
47
47
46
232
1
47
7
47
1
1
7
0
1
7
1
7
0
7
0
232
41
3
53
72
72
72
72
186
7
232
41
54
54
72
72
42
7
1
186
7
0
232
186
7
47
257
262
0
16
0
3
312
312
312
312
312
312
312
312
312
312
312
312
312
312
312
312
312
312
312
312
312
312
312
312
312
312
312
312
312
312
312
312
312
312
312
312
312
312
312
312
312
312
312
312
312
312
312
312
312
312
312
312
312
312
312
312
312
312
312
312
312
312
312
312
312
312
312
312
312
312
312
312
312
312
312
312
312
312
312
312
312
312
312
312
312
312
312
312
312
312
312
312
312
312
312
233
186
232
7
1
7
0
7
0
47
7
10
10
10
10
10
10
10
10
10
10
10
10
10
10
10
10
10
10
10
10
10
10
10
10
10
10
39
39
16
9
11
39
16
16
3
9
257
0
262
9
9
9
9
3
257
0
262
9
9
9
9
3
257
0
262
9
9
9
9
3
257
0
262
9
9
9
9
3
257
0
262
9
9
9
9
3
257
0
262
9
10
9
9
9
3
257
0
262
9
9
9
9
9
3
257
0
262
9
10
9
9
9
3
257
0
262
9
9
9
9
3
257
0
262
9
10
9
9
9
3
257
0
262
9
9
9
9
3
9
9
9
158
218
273
334
10
10
10
10
10
10
10
10
10
10
10
10
