59
12
158
9
21
257
262
257
262
257
262
257
262
257
262
257
262
257
262
257
262
257
262
257
0
262
9
9
9
9
9
3
257
257
262
9
3
257
0
17
17
17
262
17
9
9
9
9
9
3
257
0
262
9
10
9
9
9
3
257
0
262
9
10
202
24
202
202
28
28
202
202
202
35
202
202
202
0
262
202
9
9
9
9
3
257
0
262
9
9
9
9
3
257
0
262
9
10
9
9
9
9
3
257
0
262
9
9
9
9
9
9
3
257
0
262
9
9
9
9
3
257
0
262
9
10
9
9
9
3
257
0
262
9
10
9
9
9
9
3
257
0
262
9
9
9
9
3
257
0
262
9
9
9
9
3
9
257
0
262
9
9
9
9
3
257
0
262
9
9
9
9
9
3
257
0
262
9
9
9
9
3
257
0
262
9
9
9
9
3
9
9
158
218
273
334
202
24
202
202
202
35
202
202
28
28
202
202
202
202
24
202
202
202
35
202
202
202
273
202
3
3
33
3
262
262
262
262
