59
35
35
35
35
35
35
202
14
3
0
35
202
35
202
202
28
28
202
202
202
202
35
202
202
202
3
3
233
3
247
35
12
202
35
0
202
158
202
9
21
257
262
9
3
257
0
262
9
10
9
9
9
9
3
257
0
262
9
10
202
202
202
35
28
28
202
202
202
202
35
202
9
9
9
202
3
257
0
262
9
9
9
9
3
257
0
17
17
17
262
17
9
9
9
9
9
3
257
0
262
9
9
9
9
3
9
158
218
273
334
10
10
10
10
10
10
10
302
11
137
137
318
12
12
257
262
0
0
3
21
257
262
9
3
107
262
262
262
83
262
262
257
262
217
202
202
202
35
28
28
202
202
202
202
202
202
35
202
217
3
280
202
94
195
195
191
262
191
262
188
197
8
3
1
202
0
0
281
281
35
3
3
0
233
3
281
281
202
231
59
14
61
12
158
9
21
257
262
9
3
257
0
262
9
10
9
9
9
9
3
257
0
262
9
10
9
9
9
3
257
0
262
9
9
9
9
3
257
0
17
17
17
262
17
9
9
9
9
9
3
257
0
262
9
9
9
9
3
9
158
218
273
334
10
10
10
10
10
10
10
302
11
137
137
318
12
12
257
262
0
0
3
21
257
262
9
3
35
107
262
262
262
257
262
257
262
221
9
0
1
0
280
193
262
190
3
3
11
8
3
3
3
231
59
35
14
3
0
35
202
35
202
1
0
1
7
0
7
202
35
202
35
12
35
158
35
9
21
35
257
262
9
35
3
257
0
262
35
9
10
9
35
9
9
9
35
3
257
0
262
9
35
10
9
9
9
35
3
257
0
35
262
9
9
9
35
202
3
3
233
3
247
35
202
9
202
35
0
257
233
233
1
257
233
233
74
35
3
257
0
17
17
202
35
202
17
202
262
17
9
9
9
9
9
3
257
0
262
9
9
9
9
3
9
158
218
273
334
10
10
10
10
10
0
257
262
0
16
16
16
16
16
16
16
16
16
16
16
16
16
16
16
16
3
186
286
232
10
10
302
11
137
137
318
12
12
257
262
0
0
3
21
257
262
9
3
107
262
262
262
83
262
262
257
262
217
202
3
262
264
74
35
217
3
280
202
35
202
94
195
195
202
191
262
191
262
188
197
8
3
1
202
0
0
281
281
35
3
3
0
233
3
281
281
202
231
59
17
17
35
35
14
3
0
35
17
202
35
202
202
28
28
202
202
202
202
202
202
35
202
202
202
3
3
233
3
247
35
12
202
35
0
202
262
262
262
262
262
262
262
262
262
262
262
262
262
262
262
262
262
262
262
262
262
262
262
262
262
262
262
262
262
262
262
262
262
262
262
262
262
262
262
262
262
262
262
262
262
17
17
17
17
17
17
17
17
17
202
202
35
28
28
202
202
202
202
35
202
202
158
9
21
257
262
9
3
257
0
262
9
10
9
9
9
9
3
257
0
262
9
10
9
9
9
3
257
0
262
9
9
9
9
3
257
0
17
17
17
262
17
9
9
9
17
202
202
202
35
28
28
202
202
202
202
202
202
17
35
202
9
9
262
262
262
262
262
262
262
262
262
262
262
262
262
262
262
262
262
262
262
262
262
262
262
262
262
262
262
262
262
262
262
262
262
262
262
262
262
262
262
262
262
262
262
262
262
262
262
262
262
262
262
262
262
262
17
17
202
202
202
202
35
28
28
202
202
202
202
202
202
35
202
17
202
3
257
0
262
9
9
9
9
3
9
158
218
273
334
10
0
257
262
0
16
16
16
16
16
16
16
16
16
16
16
16
16
16
16
16
3
186
286
232
17
17
17
262
262
262
262
262
262
262
262
262
262
262
262
262
262
262
262
262
262
262
262
262
262
262
262
262
262
262
262
262
262
262
262
262
262
262
262
262
262
262
262
262
262
262
262
262
262
262
262
262
262
262
262
262
262
262
262
262
262
262
262
262
262
262
262
262
262
262
17
17
202
202
202
35
28
28
202
202
202
202
202
202
35
202
10
202
10
10
10
10
10
302
11
137
137
318
12
12
257
262
0
0
3
21
257
262
9
3
107
262
262
262
83
17
17
17
17
17
17
17
17
17
202
202
202
35
28
28
202
202
202
17
17
17
17
202
202
202
35
202
202
262
262
257
262
217
262
262
262
262
262
262
262
262
262
262
262
262
262
262
17
217
3
280
94
195
202
202
202
35
28
28
202
202
17
202
202
202
202
35
202
195
191
202
262
191
262
188
197
8
3
1
18
18
18
18
18
18
18
18
18
18
18
18
18
18
18
18
18
18
18
18
18
18
18
18
18
18
18
18
18
18
18
18
18
18
18
18
18
18
18
18
18
18
18
18
18
18
18
18
18
18
18
18
18
18
18
18
18
18
18
18
18
18
18
18
18
18
18
18
18
18
18
18
18
18
18
18
18
18
18
18
18
18
18
18
18
18
18
18
18
18
18
18
18
18
18
18
18
18
18
18
18
18
18
18
18
18
18
18
18
18
18
18
18
18
18
18
18
18
18
18
18
18
18
18
18
18
18
18
18
18
18
18
18
18
72
72
72
72
72
72
72
72
72
72
14
435
14
1
202
0
87
7
21
257
262
285
1
74
202
0
0
281
281
202
202
35
28
28
202
202
202
202
202
202
35
202
3
3
0
233
3
281
281
202
231
59
35
14
3
0
35
202
35
202
3
3
233
3
247
35
12
202
35
0
202
202
158
9
21
257
262
9
3
257
0
262
9
10
9
9
9
9
3
257
0
262
9
10
9
9
9
3
257
0
262
9
9
9
9
3
257
0
17
17
17
262
17
9
9
9
9
9
3
257
0
262
9
9
9
9
3
9
158
218
273
334
10
10
10
10
10
10
10
302
11
137
137
318
12
12
257
262
0
0
3
21
257
262
9
12
12
3
107
262
262
262
83
262
262
257
262
217
217
3
280
94
195
195
191
262
191
262
188
197
8
3
1
202
0
0
281
281
35
3
3
0
233
3
281
281
202
231
