59
14
3
3
3
0
3
7
12
158
9
21
257
262
9
3
257
0
262
9
9
9
9
3
257
0
262
9
9
9
9
9
3
257
0
262
9
9
9
9
3
257
0
17
17
17
262
17
9
9
9
9
9
3
257
0
262
9
10
9
9
9
3
257
0
262
9
9
9
9
3
257
0
262
9
9
9
9
9
3
257
0
262
9
10
9
9
9
3
257
0
262
9
9
9
9
3
257
0
262
9
10
9
9
9
3
257
0
262
9
10
9
9
9
9
3
257
0
262
9
10
9
9
9
9
3
257
0
262
9
9
9
9
9
3
257
0
262
9
9
9
9
3
257
0
262
9
9
9
9
3
257
0
262
9
9
9
9
3
9
9
158
218
273
334
10
10
10
10
10
10
10
10
10
10
10
10
10
10
9
10
10
10
10
302
11
318
12
12
157
157
157
157
157
157
202
257
262
9
3
262
262
257
262
9
3
202
257
262
12
217
217
3
257
0
0
0
3
257
0
0
0
3
257
0
0
0
3
257
0
0
0
3
257
0
0
0
3
257
0
0
0
3
257
0
0
0
3
257
0
0
0
3
257
0
0
0
3
257
0
0
0
3
257
0
0
0
3
257
0
0
0
3
257
0
0
0
3
257
0
0
0
3
257
0
0
0
0
3
257
0
0
0
3
257
0
0
0
3
257
0
0
0
3
257
0
0
0
3
262
262
262
262
257
0
0
262
257
0
12
0
3
3
262
257
0
0
257
262
217
217
3
293
56
3
72
262
0
273
13
13
13
13
13
13
257
262
217
72
72
72
72
217
3
257
33
3
33
33
