59
12
158
9
21
257
262
257
262
257
262
257
262
257
262
257
262
257
262
257
262
257
262
257
0
262
9
9
9
9
9
3
257
257
262
9
3
257
0
17
17
17
262
17
9
9
9
9
9
3
257
0
262
9
10
9
9
9
3
257
0
262
9
10
9
9
9
202
202
202
35
28
28
202
202
202
202
35
202
202
14
262
14
56
3
257
0
262
9
10
9
9
9
9
3
257
0
262
9
9
9
9
3
257
0
262
9
9
9
9
3
257
0
262
9
10
9
9
9
3
257
0
262
9
10
9
9
9
3
257
0
262
9
9
9
9
9
9
3
257
0
262
9
9
9
9
3
257
0
262
9
10
9
9
9
3
257
0
262
9
10
9
9
9
9
3
257
0
262
9
9
9
9
3
257
0
262
9
9
9
9
3
9
257
0
262
9
9
9
9
202
202
202
35
28
28
202
202
202
202
35
202
257
72
3
72
202
9
3
257
0
262
9
9
9
9
3
257
0
262
9
9
10
9
9
9
9
3
257
0
262
9
10
9
9
9
9
3
257
0
262
9
9
9
9
3
257
0
262
9
9
9
9
3
257
0
262
9
10
9
9
9
3
257
0
262
9
10
9
9
9
3
257
0
262
9
9
9
9
9
9
3
257
0
262
9
9
9
9
3
257
0
262
9
10
9
9
9
3
257
0
262
9
10
9
9
9
9
3
257
0
262
9
9
9
9
3
257
0
262
9
9
9
202
202
202
35
28
28
202
202
202
202
35
202
107
108
13
13
13
202
13
13
13
0
262
293
56
3
0
14
262
14
56
14
247
3
257
0
262
9
9
9
9
3
257
0
262
9
9
10
9
9
9
9
3
257
0
262
9
10
9
9
9
9
3
257
0
262
9
9
9
9
3
257
0
262
9
9
9
9
3
257
0
262
9
10
9
9
9
3
257
0
262
9
10
9
9
9
3
257
0
262
9
9
9
202
202
202
35
28
28
202
202
202
202
35
202
273
202
3
3
33
3
80
257
262
217
217
3
257
72
3
72
33
3
262
262
262
262
