59
14
61
12
158
9
21
257
262
9
3
257
0
262
9
10
9
9
9
9
3
257
0
262
9
10
9
9
9
3
257
0
262
9
9
9
9
3
257
0
17
17
17
262
17
9
9
9
9
9
3
257
0
262
9
9
9
9
3
9
158
218
273
334
10
10
10
10
35
202
257
233
233
1
257
233
233
74
35
202
10
10
10
302
11
137
137
318
12
12
257
262
0
0
3
21
257
262
9
3
107
16
316
8
3
3
3
231
59
14
61
12
158
9
21
257
262
9
3
257
0
262
9
10
9
9
9
9
3
257
0
262
9
10
9
9
9
3
257
0
262
9
9
9
9
3
257
0
17
17
17
262
17
9
9
9
9
9
3
257
0
262
9
9
35
35
35
35
35
35
9
9
3
9
158
218
273
334
10
10
10
10
10
10
10
302
11
137
137
318
12
12
257
262
0
0
3
21
257
262
9
3
107
16
316
8
3
3
3
231
59
14
61
12
158
9
21
257
262
9
3
257
0
262
9
10
9
9
9
9
3
257
0
262
9
10
9
9
9
3
257
0
262
9
9
9
9
3
257
0
17
17
17
262
17
9
9
9
9
9
3
257
0
262
9
9
9
9
3
9
158
218
273
334
10
10
10
10
10
10
10
302
11
137
137
318
12
12
257
262
0
0
3
21
257
262
9
3
107
16
316
8
3
3
3
231
